GI,count,cumsum
0.0,126,126
0.0002380952380952381,1,127
0.0004761904761904762,27,154
0.0005952380952380952,1,155
0.0007142857142857143,9,164
0.0008333333333333333,1,165
0.0009,11,176
0.0009523809523809524,19,195
0.0011904761904761904,8,203
0.0014285714285714286,32,235
0.0016,5,240
0.0016666666666666666,3,243
0.0017857142857142859,1,244
0.0019047619047619048,21,265
0.002023809523809524,2,267
0.002142857142857143,6,273
0.002261904761904762,2,275
0.0023809523809523807,13,288
0.0025,1,289
0.0026190476190476194,7,296
0.002857142857142857,30,326
0.002976190476190476,1,327
0.0030952380952380953,8,335
0.003333333333333333,27,362
0.0035714285714285718,4,366
0.0036,30,396
0.0036904761904761906,2,398
0.0038095238095238095,19,417
0.003928571428571429,1,418
0.004047619047619048,12,430
0.004166666666666667,1,431
0.004285714285714286,17,448
0.004523809523809524,7,455
0.0047619047619047615,21,476
0.004880952380952381,2,478
0.004900000000000001,14,492
0.005,3,495
0.00510204081632653,19,514
0.005238095238095239,10,524
0.005357142857142857,2,526
0.0054761904761904765,6,532
0.005595238095238096,1,533
0.005714285714285714,12,545
0.005952380952380952,5,550
0.006071428571428571,1,551
0.006190476190476191,6,557
0.0064,10,567
0.006428571428571429,2,569
0.006666666666666666,9,578
0.006904761904761905,1,579
0.0071428571428571435,10,589
0.007261904761904762,1,590
0.007380952380952381,6,596
0.0075,1,597
0.007619047619047619,3,600
0.007857142857142858,1,601
0.007976190476190477,1,602
0.008095238095238096,4,606
0.0081,40,646
0.008452380952380953,1,647
0.008571428571428572,3,650
0.008809523809523809,1,651
0.008952380952380953,1,652
0.009047619047619047,4,656
0.009523809523809523,4,660
0.009761904761904762,1,661
0.01,5,666
0.010000000000000002,44,710
0.01020408163265306,53,763
0.010680272108843536,1,764
0.0121,44,808
0.012653061224489798,1,809
0.013537414965986393,1,810
0.013804081632653061,1,811
0.0144,53,864
0.015306122448979591,19,883
0.016900000000000002,76,959
0.017959183673469388,1,960
0.019600000000000003,71,1031
0.02020408163265306,1,1032
0.02040816326530612,60,1092
0.02230408163265306,1,1093
0.0225,74,1167
0.02285714285714286,1,1168
0.023529411764705882,6,1174
0.023741496598639455,1,1175
0.024604081632653062,1,1176
0.025510204081632654,14,1190
0.0256,87,1277
0.02680816326530612,1,1278
0.026862745098039216,1,1279
0.027104081632653064,2,1281
0.02741496598639456,1,1282
0.028900000000000006,102,1384
0.029804081632653065,2,1386
0.030255102040816325,1,1387
0.030408163265306123,1,1388
0.030612244897959183,44,1432
0.0324,108,1540
0.03270408163265306,1,1541
0.03487346938775511,1,1542
0.03571428571428571,12,1554
0.03580408163265306,2,1556
0.03597142857142857,1,1557
0.0361,129,1686
0.0380047619047619,1,1687
0.038712244897959186,2,1689
0.03883553421368548,1,1690
0.03913503401360545,1,1691
0.04000000000000001,149,1840
0.040008163265306124,1,1841
0.04081632653061224,29,1870
0.04120204081632653,1,1871
0.04190476190476191,1,1872
0.04224489795918367,1,1873
0.04238095238095239,1,1874
0.04260408163265306,3,1877
0.04271224489795918,1,1878
0.04312941176470589,1,1879
0.04346938775510204,1,1880
0.04409999999999999,160,2040
0.04426674669867947,1,2041
0.04457619047619047,1,2042
0.04489795918367347,1,2043
0.04510204081632653,1,2044
0.04591836734693878,12,2056
0.04630408163265306,1,2057
0.047058823529411764,12,2069
0.04770612244897959,1,2070
0.04775510204081634,1,2071
0.0484,155,2226
0.04857142857142857,1,2227
0.04897959183673469,1,2228
0.049180432172869146,1,2229
0.04920204081632652,1,2230
0.049308163265306126,3,2233
0.050204081632653066,4,2237
0.05021224489795918,1,2238
0.050290476190476184,1,2239
0.0503047619047619,1,2240
0.050816326530612244,1,2241
0.05102040816326531,43,2284
0.05253145258103242,1,2285
0.052808163265306116,1,2286
0.0529,128,2414
0.05291632653061224,1,2415
0.05306122448979592,1,2416
0.05340136054421769,1,2417
0.0536734693877551,1,2418
0.053877551020408164,1,2419
0.05430408163265305,2,2421
0.05435374149659864,2,2423
0.05441020408163266,1,2424
0.054566666666666666,1,2425
0.054804761904761905,1,2426
0.055306122448979596,1,2427
0.05612244897959184,19,2446
0.05621224489795919,1,2447
0.056508163265306124,2,2449
0.057362905162064826,1,2450
0.0576,164,2614
0.05771632653061225,1,2615
0.05783809523809524,1,2616
0.05791020408163265,1,2617
0.058076190476190476,1,2618
0.05814549819927971,1,2619
0.05855238095238095,1,2620
0.05860408163265306,3,2623
0.058823529411764705,2,2625
0.059512244897959185,1,2626
0.060408163265306125,2,2628
0.061224489795918366,34,2662
0.06144257703081232,1,2663
0.0625,186,2849
0.0626530612244898,2,2851
0.06310408163265306,3,2854
0.06331632653061224,1,2855
0.06345238095238095,1,2856
0.06392857142857143,1,2857
0.06450816326530612,1,2858
0.06488095238095239,1,2859
0.0653061224489796,1,2860
0.0663265306122449,10,2870
0.06641632653061225,1,2871
0.06671224489795918,2,2873
0.06709183673469388,1,2874
0.06760000000000001,180,3054
0.06760204081632654,1,3055
0.06807619047619048,1,3056
0.0682061224489796,1,3057
0.06880816326530612,3,3060
0.06897959183673469,1,3061
0.06905380152060824,1,3062
0.06936470588235294,1,3063
0.06950476190476192,1,3064
0.06971632653061224,2,3066
0.07058823529411765,17,3083
0.0706122448979592,1,3084
0.07093333333333333,1,3085
0.07142857142857142,25,3110
0.07164761904761906,1,3111
0.07212380952380953,1,3112
0.07270204081632654,2,3114
0.07270408163265306,4,3118
0.0729,189,3307
0.0729061224489796,2,3309
0.07330816326530612,3,3312
0.0735204081632653,2,3314
0.07385238095238096,1,3315
0.07391020408163265,1,3316
0.0741296518607443,1,3317
0.07428571428571429,1,3318
0.07444761904761905,1,3319
0.07471224489795918,2,3321
0.07476190476190475,1,3322
0.07511904761904761,1,3323
0.07528095238095239,1,3324
0.0757142857142857,1,3325
0.07583333333333334,1,3326
0.07595882352941177,2,3328
0.07653061224489796,3,3331
0.07691632653061224,1,3332
0.07777106842737096,1,3333
0.07780408163265307,3,3336
0.07800816326530612,4,3340
0.07831836734693878,1,3341
0.07840000000000001,173,3514
0.07861428571428572,1,3515
0.07868823529411764,1,3516
0.07901224489795919,3,3519
0.07912989195678272,1,3520
0.07935238095238097,1,3521
0.07970952380952383,1,3522
0.0798142857142857,1,3523
0.07982857142857144,2,3525
0.08081632653061224,1,3526
0.08087326930772308,1,3527
0.08163265306122448,15,3542
0.08173333333333334,1,3543
0.08235294117647059,4,3547
0.0829061224489796,1,3548
0.08290816326530612,4,3552
0.08310408163265307,1,3553
0.08311020408163265,1,3554
0.0834204081632653,2,3556
0.08344897959183674,1,3557
0.08350204081632655,1,3558
0.08351224489795919,1,3559
0.08351596638655462,1,3560
0.08367346938775509,1,3561
0.0841,189,3750
0.0842517006802721,1,3751
0.08473389355742297,1,3752
0.08491632653061224,1,3753
0.08498823529411764,2,3755
0.08502244897959184,1,3756
0.08602941176470588,1,3757
0.08673469387755102,6,3763
0.08719523809523809,1,3764
0.08743333333333332,1,3765
0.08748823529411764,1,3766
0.08753925570228091,1,3767
0.08800816326530612,4,3771
0.08801020408163265,1,3772
0.08860408163265307,2,3774
0.08861428571428571,1,3775
0.08877551020408163,1,3776
0.08886190476190475,1,3777
0.09,178,3955
0.09099639855942376,1,3956
0.09112941176470589,1,3957
0.09132557022809124,1,3958
0.09142857142857143,2,3960
0.09183673469387756,13,3973
0.09222244897959184,1,3974
0.09238095238095238,1,3975
0.09311224489795919,2,3977
0.09330816326530612,2,3979
0.09331428571428571,2,3981
0.09333333333333332,1,3982
0.0937061224489796,2,3984
0.09371632653061224,2,3986
0.09411764705882353,15,4001
0.09430408163265305,6,4007
0.09469387755102042,1,4008
0.09510204081632653,3,4011
0.09517006802721088,1,4012
0.09564625850340136,2,4014
0.0961,195,4209
0.09693877551020408,7,4216
0.09702857142857142,1,4217
0.09752857142857144,1,4218
0.09795918367346938,1,4219
0.0984,1,4220
0.09841632653061225,2,4222
0.09880816326530613,2,4224
0.09881836734693877,1,4225
0.09940612244897959,1,4226
0.0994204081632653,1,4227
0.09943333333333333,1,4228
0.10014761904761905,1,4229
0.10020408163265306,3,4232
0.10120204081632654,3,4235
0.1019294117647059,1,4236
0.10204081632653061,6,4242
0.1024,143,4385
0.10242653061224491,2,4387
0.10298823529411764,2,4389
0.10302557022809122,1,4390
0.10351224489795918,1,4391
0.10370748299319728,1,4392
0.10392040816326531,1,4393
0.10450816326530611,2,4395
0.10452244897959184,2,4397
0.10465882352941176,1,4398
0.10474189675870349,1,4399
0.10501904761904762,1,4400
0.10525714285714287,1,4401
0.10532448979591835,1,4402
0.10588235294117647,8,4410
0.10612244897959185,1,4411
0.10630408163265306,1,4412
0.10632653061224491,1,4413
0.10714285714285714,5,4418
0.10716190476190476,2,4420
0.10763169267707083,1,4421
0.10786314525810324,1,4422
0.10841632653061226,1,4423
0.10890000000000001,151,4574
0.10901224489795919,2,4576
0.10904557823129252,1,4577
0.10906666666666667,1,4578
0.10955882352941176,1,4579
0.10956776950780313,1,4580
0.10961428571428572,1,4581
0.10962448979591836,1,4582
0.10996698679471789,2,4584
0.11032857142857144,2,4586
0.11074129651860745,1,4587
0.11080184073629452,1,4588
0.11101764705882353,1,4589
0.1114061224489796,2,4591
0.11142857142857143,1,4592
0.11175714285714287,1,4593
0.11224489795918367,7,4600
0.11247142857142858,1,4601
0.11260408163265306,2,4603
0.11263061224489795,1,4604
0.11306122448979591,1,4605
0.11319727891156463,1,4606
0.11342380952380954,1,4607
0.11352040816326531,1,4608
0.11371632653061226,3,4611
0.1137686674669868,1,4612
0.11379615846338537,1,4613
0.11400204081632655,1,4614
0.11428571428571428,1,4615
0.11465882352941177,1,4616
0.11475294117647059,1,4617
0.11486290516206484,1,4618
0.11489231692677071,1,4619
0.11509639855942377,1,4620
0.11551020408163265,1,4621
0.11560000000000002,171,4792
0.11617346938775511,1,4793
0.1164235294117647,1,4794
0.11650660264105642,1,4795
0.11650816326530612,3,4798
0.11653993597438975,1,4799
0.11655238095238098,1,4800
0.1165765906362545,1,4801
0.11712585034013605,1,4802
0.11734693877551021,6,4808
0.11748299319727891,1,4809
0.11750476190476193,1,4810
0.11764705882352941,22,4832
0.11845714285714289,3,4835
0.11862040816326531,2,4837
0.11865102040816328,1,4838
0.11869523809523812,1,4839
0.11881836734693879,1,4840
0.11898823529411764,1,4841
0.11910408163265307,1,4842
0.11921632653061226,1,4843
0.1193877551020408,1,4844
0.11971764705882353,1,4845
0.11974621848739496,1,4846
0.1198142857142857,1,4847
0.11995882352941177,2,4849
0.12020408163265307,1,4850
0.12036190476190478,1,4851
0.1204809523809524,1,4852
0.12061224489795919,1,4853
0.12070204081632656,1,4854
0.12083809523809526,1,4855
0.1213235294117647,1,4856
0.12160864345738295,1,4857
0.12161020408163266,2,4859
0.12180464345738296,1,4860
0.12189764345738295,1,4861
0.1223529411764706,1,4862
0.12240896358543417,1,4863
0.12244897959183673,11,4874
0.12249999999999998,165,5039
0.12280816326530612,1,5040
0.12345238095238094,1,5041
0.12358943577430972,1,5042
0.12372448979591837,1,5043
0.12392040816326531,1,5044
0.1242061224489796,1,5045
0.12448979591836734,1,5046
0.12482993197278912,1,5047
0.12488095238095237,1,5048
0.12491632653061224,2,5050
0.1254588235294118,2,5052
0.12556086434573832,1,5053
0.12571428571428572,1,5054
0.1257470588235294,1,5055
0.12580408163265308,2,5057
0.1264235294117647,1,5058
0.12645294117647057,2,5060
0.1265176470588235,1,5061
0.1267106842737095,1,5062
0.12671224489795918,4,5066
0.12673469387755104,1,5067
0.1267503401360544,1,5068
0.12744897959183674,1,5069
0.12755102040816327,5,5074
0.12764705882352942,1,5075
0.12785114045618248,2,5077
0.12791020408163267,1,5078
0.12830226090436175,1,5079
0.12845714285714288,1,5080
0.12849435774309725,1,5081
0.12882448979591837,1,5082
0.12882653061224492,1,5083
0.12902244897959184,1,5084
0.12902857142857144,1,5085
0.12930816326530614,2,5087
0.12941176470588237,10,5097
0.12943061224489796,1,5098
0.12959183673469388,1,5099
0.1296,126,5225
0.12983193277310923,1,5226
0.13021764705882352,3,5229
0.13064625850340136,1,5230
0.13075294117647057,2,5232
0.13081632653061223,2,5234
0.1308549819927971,1,5235
0.1310285714285714,1,5236
0.1312608643457383,2,5238
0.13163265306122449,1,5239
0.13198095238095237,1,5240
0.132037725090036,1,5241
0.13249999999999998,1,5242
0.1326530612244898,8,5250
0.13270408163265304,2,5252
0.132962181272509,1,5253
0.13301224489795918,1,5254
0.13308823529411765,1,5255
0.1334095238095238,1,5256
0.13388571428571427,1,5257
0.13411764705882354,2,5259
0.13452244897959184,1,5260
0.13453265306122447,1,5261
0.13470204081632653,1,5262
0.13483809523809523,1,5263
0.13493397358943576,1,5264
0.13512040816326532,1,5265
0.13517006802721088,1,5266
0.13535570228091237,1,5267
0.13553721488595435,1,5268
0.13593673469387754,1,5269
0.13600816326530615,1,5270
0.13649459783913565,2,5272
0.1369,154,5426
0.13694965986394558,1,5427
0.13726290516206482,1,5428
0.13741496598639458,1,5429
0.13761428571428572,1,5430
0.1377551020408163,4,5434
0.13780612244897958,1,5435
0.13805522208883553,1,5436
0.13811428571428572,1,5437
0.13818823529411767,1,5438
0.13821764705882353,2,5440
0.13831968787515006,1,5441
0.13856666666666667,1,5442
0.1388047619047619,1,5443
0.1389407963185274,1,5444
0.13902857142857145,3,5447
0.13908163265306123,2,5449
0.1391294117647059,1,5450
0.13928095238095237,1,5451
0.1395122448979592,2,5453
0.13962448979591838,1,5454
0.13980408163265307,2,5456
0.13995294117647059,1,5457
0.14,1,5458
0.14022244897959182,1,5459
0.1407095238095238,1,5460
0.14082857142857141,1,5461
0.1410204081632653,4,5465
0.14111020408163266,1,5466
0.1411764705882353,23,5489
0.1413047619047619,1,5490
0.1420183673469388,1,5491
0.14251764705882353,2,5493
0.14282376950780312,1,5494
0.14285714285714285,10,5504
0.14290816326530612,1,5505
0.1429235294117647,1,5506
0.14309047619047618,1,5507
0.14315726290516206,1,5508
0.14321632653061225,4,5512
0.14324705882352942,1,5513
0.14324727891156463,1,5514
0.14332857142857142,1,5515
0.14340012004801922,1,5516
0.14348823529411764,1,5517
0.14364129651860744,1,5518
0.14413061224489798,1,5519
0.14413265306122447,1,5520
0.14432857142857142,1,5521
0.14433469387755102,1,5522
0.1444,124,5646
0.14450980392156862,1,5647
0.1445190476190476,1,5648
0.14466986794717887,1,5649
0.14473673469387754,2,5651
0.14490612244897957,1,5652
0.14532448979591836,1,5653
0.14533405522208884,1,5654
0.14535238095238096,1,5655
0.14551334093637455,1,5656
0.14619047619047618,1,5657
0.1462122448979592,3,5660
0.14654705882352942,1,5661
0.14701764705882353,1,5662
0.14710408163265307,4,5666
0.1471188475390156,1,5667
0.14712040816326533,2,5669
0.14738095238095236,1,5670
0.14795918367346939,4,5674
0.1482593037214886,2,5676
0.14834489795918368,1,5677
0.14868571428571428,2,5679
0.1488235294117647,1,5680
0.14945882352941176,1,5681
0.14963809523809524,1,5682
0.14971632653061226,1,5683
0.14982857142857142,1,5684
0.15,2,5686
0.1500081632653061,5,5691
0.15004705882352942,1,5692
0.15036110444177672,1,5693
0.1504265306122449,1,5694
0.15051416566626652,1,5695
0.1505904761904762,1,5696
0.15069727891156462,1,5697
0.15122448979591835,3,5700
0.15131428571428573,1,5701
0.1517176470588235,1,5702
0.15191176470588236,1,5703
0.15192172869147658,1,5704
0.1521,139,5843
0.15222088835534214,1,5844
0.15275965026010407,1,5845
0.15294117647058825,6,5851
0.15306122448979592,9,5860
0.15311224489795916,2,5862
0.1534204081632653,3,5865
0.15352857142857143,1,5866
0.1540816326530612,1,5867
0.15433469387755103,1,5868
0.15460408163265307,2,5870
0.15468823529411763,2,5872
0.1548183673469388,1,5873
0.15484897959183674,1,5874
0.1551952380952381,1,5875
0.15519843937575029,1,5876
0.15523853541416566,1,5877
0.1553421368547419,1,5878
0.1560608643457383,1,5879
0.1561,1,5880
0.15623445378151257,2,5882
0.15626494597839136,1,5883
0.1563857142857143,1,5884
0.15639455782312925,2,5886
0.15641632653061227,1,5887
0.15661764705882353,1,5888
0.15686974789915967,1,5889
0.1569027611044418,1,5890
0.15714285714285714,1,5891
0.15732448979591837,2,5893
0.15774909963985595,1,5894
0.1578231292517007,2,5896
0.15816326530612246,1,5897
0.1582142857142857,1,5898
0.15852857142857144,1,5899
0.15876666666666667,2,5901
0.1588235294117647,2,5903
0.15943673469387756,1,5904
0.15972789115646258,1,5905
0.1599204081632653,1,5906
0.16000000000000003,139,6045
0.16021224489795918,2,6047
0.160221768707483,1,6048
0.16025272108843538,1,6049
0.16073853541416566,1,6050
0.16085498199279713,1,6051
0.16142857142857142,1,6052
0.16142857142857145,1,6053
0.1615530612244898,1,6054
0.1615846338535414,2,6056
0.16166386554621848,1,6057
0.16171764705882352,3,6060
0.1617470588235294,3,6063
0.16184909963985594,1,6064
0.16230408163265309,1,6065
0.1623298919567827,1,6066
0.1624265306122449,2,6068
0.1628571428571429,2,6070
0.1629761904761905,1,6071
0.16310096998799523,1,6072
0.16326530612244897,7,6079
0.1632734693877551,1,6080
0.16331632653061223,4,6084
0.16356542617046818,1,6085
0.16367647058823528,1,6086
0.16404761904761908,1,6087
0.16440476190476194,1,6088
0.16470588235294117,20,6108
0.16473673469387756,1,6109
0.16480816326530612,1,6110
0.1653142857142857,2,6112
0.1654761904761905,1,6113
0.16594621848739496,1,6114
0.1660470588235294,1,6115
0.16653061224489796,1,6116
0.1665549819927971,1,6117
0.16662040816326534,3,6120
0.16668823529411764,1,6121
0.16701764705882355,1,6122
0.16711636654661866,1,6123
0.16732376950780314,1,6124
0.16742581032412968,1,6125
0.16751224489795918,1,6126
0.1675278511404562,1,6127
0.16752857142857142,2,6129
0.1680392156862745,1,6130
0.16809999999999997,131,6261
0.16827731092436973,1,6262
0.16830588235294117,1,6263
0.1683673469387755,3,6266
0.16841836734693877,1,6267
0.16866746698679472,1,6268
0.16873949579831934,1,6269
0.16905238095238093,1,6270
0.1690876350540216,1,6271
0.16938775510204082,1,6272
0.1696408163265306,1,6273
0.16976666666666665,1,6274
0.1700764705882353,1,6275
0.17012448979591838,1,6276
0.1702040816326531,3,6279
0.1702280912364946,1,6280
0.17023673469387757,1,6281
0.17041632653061223,1,6282
0.1704840912364946,1,6283
0.1706482593037215,1,6284
0.17095714285714284,2,6286
0.17105726290516207,1,6287
0.17137959183673468,1,6288
0.1714333333333333,1,6289
0.17172244897959185,1,6290
0.1719095238095238,2,6292
0.17250816326530613,1,6293
0.17251764705882355,1,6294
0.17262683073229293,1,6295
0.17298823529411766,1,6296
0.1732020408163265,1,6297
0.17346938775510204,6,6303
0.17351176470588237,1,6304
0.1735204081632653,1,6305
0.1736785114045618,1,6306
0.17382857142857144,1,6307
0.1750122448979592,3,6310
0.1752265306122449,1,6311
0.17524705882352942,1,6312
0.17534909963985595,1,6313
0.17565522208883555,1,6314
0.17571904761904758,1,6315
0.17578125250100038,1,6316
0.17593673469387755,1,6317
0.17639999999999997,115,6432
0.17647058823529413,8,6440
0.176534300120048,1,6441
0.17673469387755103,1,6442
0.1767608643457383,1,6443
0.17680272108843537,1,6444
0.1768244897959184,1,6445
0.17731092436974788,1,6446
0.17759047619047616,1,6447
0.17761020408163267,1,6448
0.1776340136054422,1,6449
0.17771632653061223,3,6452
0.17775510204081632,1,6453
0.17818571428571425,1,6454
0.1782032412965186,1,6455
0.17821764705882354,1,6456
0.17830408163265304,3,6459
0.17830476190476188,1,6460
0.17842380952380948,1,6461
0.17857142857142858,1,6462
0.1786224489795918,1,6463
0.17893193277310926,1,6464
0.17918367346938777,1,6465
0.17925714285714284,4,6469
0.17927154861944777,1,6470
0.1795902761104442,1,6471
0.18011428571428573,2,6473
0.18014285714285716,1,6474
0.1802095238095238,1,6475
0.18040816326530615,2,6477
0.18043217286914767,1,6478
0.18044761904761902,1,6479
0.18055522208883554,1,6480
0.1806204081632653,3,6483
0.18085234093637453,1,6484
0.18139999999999998,1,6485
0.18157262905162067,1,6486
0.18192653061224492,1,6487
0.18209279711884752,1,6488
0.18221779711884753,1,6489
0.18251584633853543,1,6490
0.1826612244897959,1,6491
0.1827122448979592,2,6493
0.18272891156462587,1,6494
0.18283469387755102,1,6495
0.18340612244897955,2,6497
0.1836734693877551,2,6499
0.18372448979591835,3,6502
0.18395882352941176,1,6503
0.1840326530612245,1,6504
0.18411764705882352,1,6505
0.18414264705882352,1,6506
0.18428235294117648,1,6507
0.18442376950780312,1,6508
0.1845032412965186,1,6509
0.18462088835534213,1,6510
0.18489999999999998,116,6626
0.1851140456182473,2,6628
0.18521632653061224,3,6631
0.18532749099639856,1,6632
0.185365306122449,1,6633
0.18537851140456182,1,6634
0.18551020408163268,1,6635
0.18585238095238094,1,6636
0.18595438175270107,1,6637
0.18618823529411765,3,6640
0.18620272108843539,1,6641
0.1862902761104442,1,6642
0.1863265306122449,2,6644
0.18656666666666666,1,6645
0.18660408163265305,2,6647
0.1866266506602641,1,6648
0.1867687074829932,1,6649
0.1868047619047619,1,6650
0.1868515006002401,1,6651
0.18702857142857143,1,6652
0.18704285714285712,1,6653
0.18740996398559423,1,6654
0.18775714285714284,1,6655
0.1878142857142857,1,6656
0.18786938775510204,1,6657
0.1879204081632653,1,6658
0.18792993197278912,1,6659
0.1882333333333333,1,6660
0.18823529411764706,15,6675
0.1885081632653061,1,6676
0.18877551020408162,1,6677
0.18904117647058824,1,6678
0.18907563025210083,1,6679
0.18967851140456182,1,6680
0.18978095238095236,1,6681
0.19004897959183675,1,6682
0.19021764705882355,3,6685
0.19022108843537416,1,6686
0.19031836734693877,1,6687
0.1905326530612245,2,6689
0.1905470588235294,1,6690
0.19061224489795922,3,6693
0.19063625450180072,1,6694
0.19064489795918368,1,6695
0.19105726290516206,2,6697
0.1911783513405362,1,6698
0.19124285714285713,1,6699
0.19166110444177673,1,6700
0.1917139255702281,1,6701
0.1917687074829932,1,6702
0.19180672268907561,1,6703
0.1918877551020408,1,6704
0.1920138055222089,1,6705
0.19208010204081633,1,6706
0.19213061224489797,1,6707
0.1921968787515006,1,6708
0.19222789115646258,1,6709
0.1926528611444578,1,6710
0.19302244897959184,1,6711
0.19303721488595438,1,6712
0.19359843937575028,1,6713
0.1936,88,6801
0.19360588235294118,1,6802
0.19407619047619046,1,6803
0.1940764705882353,2,6805
0.19417767106842737,1,6806
0.19423673469387756,1,6807
0.1943825930372149,1,6808
0.1950285714285714,1,6809
0.19504895958383353,1,6810
0.19526666666666667,1,6811
0.19531812725090036,1,6812
0.19532683913565427,1,6813
0.19534897959183672,1,6814
0.1954204081632653,3,6817
0.19563469387755103,1,6818
0.1957330532212885,1,6819
0.19598095238095237,2,6821
0.1960470588235294,3,6824
0.19615846338535414,1,6825
0.19625114045618247,1,6826
0.19634489795918367,1,6827
0.19651764705882352,2,6829
0.19672172869147658,1,6830
0.19673469387755102,1,6831
0.19692193877551023,1,6832
0.19693333333333332,1,6833
0.1969768307322929,1,6834
0.19711380552220892,1,6835
0.19812448979591835,2,6837
0.19812925170068024,1,6838
0.19813639455782311,1,6839
0.19814081632653063,1,6840
0.1986,1,6841
0.19870204081632653,1,6842
0.19871224489795916,1,6843
0.19877647058823528,1,6844
0.1989795918367347,2,6846
0.19913361344537814,1,6847
0.1996407118847539,1,6848
0.19979047619047619,1,6849
0.2,9,6858
0.20018823529411764,1,6859
0.20044397759103644,1,6860
0.20045102040816326,1,6861
0.20052244897959184,1,6862
0.20073673469387757,2,6864
0.2007577430972389,1,6865
0.20081632653061227,1,6866
0.20127717086834734,1,6867
0.2016952380952381,1,6868
0.2017470588235294,2,6870
0.2019001200480192,1,6871
0.20190476190476192,1,6872
0.20191020408163263,1,6873
0.20205318127250899,1,6874
0.2023465986394558,1,6875
0.2024673469387755,1,6876
0.2025,104,6980
0.20301764705882352,3,6983
0.20317070828331332,1,6984
0.20322653061224488,1,6985
0.20345238095238097,1,6986
0.20371456582633052,1,6987
0.20384153661464585,1,6988
0.20408163265306123,3,6991
0.20408463385354142,1,6992
0.20413265306122447,1,6993
0.2041666666666667,1,6994
0.20438175270108044,1,6995
0.20441508603441377,1,6996
0.20464285714285715,1,6997
0.20470588235294118,1,6998
0.20485294117647057,1,6999
0.2053081632653061,4,7003
0.2055530612244898,1,7004
0.2055952380952381,2,7006
0.20562448979591835,2,7008
0.20583333333333334,1,7009
0.2059183673469388,1,7010
0.20598639455782314,1,7011
0.20613061224489795,1,7012
0.20616737695078033,1,7013
0.2061904761904762,1,7014
0.20639587835134054,1,7015
0.20642160864345738,1,7016
0.2066666666666667,1,7017
0.20673469387755103,1,7018
0.20701224489795916,2,7020
0.20702380952380953,2,7022
0.20730783313325332,1,7023
0.20743673469387758,2,7025
0.20744149659863947,1,7026
0.20748823529411764,1,7027
0.2076470588235294,1,7028
0.2079073229291717,1,7029
0.207953181272509,1,7030
0.20814261704681875,1,7031
0.2082442176870748,1,7032
0.20828235294117647,1,7033
0.20832857142857142,2,7035
0.2083673469387755,1,7036
0.20842941176470586,1,7037
0.20843541416566627,1,7038
0.20877647058823529,2,7040
0.20879255702280913,1,7041
0.20880588235294117,1,7042
0.208843537414966,1,7043
0.20918367346938777,1,7044
0.20971764705882356,1,7045
0.2101530612244898,1,7046
0.21048295318127255,1,7047
0.21053397358943582,1,7048
0.2105952380952381,1,7049
0.21062925170068028,1,7050
0.21073529411764705,1,7051
0.21074829931972788,1,7052
0.21084729891956783,1,7053
0.21092352941176473,1,7054
0.21123265306122446,1,7055
0.2116,81,7136
0.21176470588235294,17,7153
0.21255238095238096,1,7154
0.21260504201680672,1,7155
0.21270408163265309,1,7156
0.21302857142857143,1,7157
0.21310588235294117,1,7158
0.21313404201680672,1,7159
0.21330996398559424,1,7160
0.21343061224489795,1,7161
0.21350476190476192,1,7162
0.2140081632653061,4,7166
0.21401836734693874,1,7167
0.2140764705882353,1,7168
0.21425726290516206,2,7170
0.21428571428571427,3,7173
0.21433673469387754,1,7174
0.21442166626650663,1,7175
0.21445714285714287,1,7176
0.2148748343337335,1,7177
0.2152170868347339,1,7178
0.21539639855942377,1,7179
0.21544117647058825,1,7180
0.2154966386554622,1,7181
0.21551224489795917,1,7182
0.21572629051620648,1,7183
0.21574295718287315,1,7184
0.21575714285714287,1,7185
0.21604285714285715,1,7186
0.21612244897959187,2,7188
0.21612380952380952,1,7189
0.21624285714285715,1,7190
0.21660000000000001,1,7191
0.21660234093637454,1,7192
0.21661764705882353,1,7193
0.2166686674669868,1,7194
0.21671968787515006,1,7195
0.2168217286914766,1,7196
0.21685562665066027,1,7197
0.21692376950780312,1,7198
0.21802857142857143,1,7199
0.21842653061224493,1,7200
0.21854897959183672,1,7201
0.21912040816326528,1,7202
0.21916326530612243,1,7203
0.2193877551020408,2,7205
0.21967851140456185,1,7206
0.2196985894357743,1,7207
0.22004705882352943,2,7209
0.22030352140856344,1,7210
0.22030816326530614,1,7211
0.22089999999999999,85,7296
0.2212244897959184,1,7297
0.22143673469387753,1,7298
0.22176470588235295,1,7299
0.22180408163265308,2,7301
0.22185238095238094,1,7302
0.22238095238095237,1,7303
0.22250996398559425,1,7304
0.22268823529411766,1,7305
0.22269299719887956,1,7306
0.2228047619047619,1,7307
0.22288055222088834,1,7308
0.22290816326530613,1,7309
0.22319727891156463,1,7310
0.22331428571428574,1,7311
0.22352857142857144,1,7312
0.2235294117647059,7,7319
0.22371764705882352,1,7320
0.22375714285714285,1,7321
0.22421224489795918,2,7323
0.2242333333333333,1,7324
0.22426581632653061,1,7325
0.22447142857142854,1,7326
0.22448979591836735,4,7330
0.2245408163265306,1,7331
0.22477611044417767,1,7332
0.2250842737094838,1,7333
0.2254341736694678,1,7334
0.22555486194477792,1,7335
0.22568463385354143,1,7336
0.22571632653061222,1,7337
0.22576326530612245,1,7338
0.22584117647058827,1,7339
0.22593037214885953,1,7340
0.22596370548219286,1,7341
0.22600204081632652,1,7342
0.22619831932773113,1,7343
0.22622605042016808,1,7344
0.22626750700280113,1,7345
0.22636938775510204,1,7346
0.22638655462184876,1,7347
0.22673853541416567,2,7349
0.22686274509803922,1,7350
0.22720588235294117,1,7351
0.22727563025210087,1,7352
0.2277551020408163,1,7353
0.22779111644657862,1,7354
0.2278047619047619,1,7355
0.2279111644657863,1,7356
0.2284401644657863,1,7357
0.22856506602641058,1,7358
0.22873673469387756,2,7360
0.22875714285714285,1,7361
0.2292206206482593,1,7362
0.22932448979591835,2,7364
0.22935533253301318,1,7365
0.22940276110444177,1,7366
0.22948179271708685,1,7367
0.22959183673469388,1,7368
0.2299510204081633,1,7369
0.2304,89,7458
0.23101764705882352,3,7461
0.23102240896358542,1,7462
0.23109843937575034,1,7463
0.2311494597839136,1,7464
0.2311759903961585,1,7465
0.2311764705882353,2,7467
0.23132376950780312,2,7469
0.23142857142857146,4,7473
0.2316408163265306,1,7474
0.23168667466986795,1,7475
0.23181176470588238,1,7476
0.23285714285714285,1,7477
0.23287026810724293,1,7478
0.23301320528211283,1,7479
0.2331122448979592,1,7480
0.23325714285714286,1,7481
0.23343337334933972,1,7482
0.23345114045618248,1,7483
0.2337062424969988,1,7484
0.23373265306122448,1,7485
0.23441632653061223,2,7487
0.2344265306122449,2,7489
0.23443061224489795,1,7490
0.23469387755102042,2,7492
0.23474489795918366,1,7493
0.2349939975990396,1,7494
0.23516190476190477,1,7495
0.23523145258103242,1,7496
0.23529411764705882,8,7504
0.23577346938775512,1,7505
0.2359204081632653,1,7506
0.23597687074829934,1,7507
0.23603805522208882,1,7508
0.23614561824729893,1,7509
0.23623673469387757,1,7510
0.2362700680272109,1,7511
0.2365081632653061,1,7512
0.236530612244898,1,7513
0.2365546218487395,1,7514
0.2368702080832333,1,7515
0.23711020408163266,1,7516
0.23737851140456184,1,7517
0.2375825930372149,1,7518
0.23760588235294117,1,7519
0.23762448979591833,2,7521
0.23768463385354144,1,7522
0.2377044417767107,1,7523
0.23797755102040816,1,7524
0.2380140456182473,1,7525
0.23804897959183674,1,7526
0.23851764705882353,1,7527
0.23882376950780312,1,7528
0.23883469387755102,1,7529
0.2388747899159664,1,7530
0.23897058823529413,1,7531
0.23907624609843936,1,7532
0.23910364145658264,1,7533
0.23912989195678272,1,7534
0.23923193277310925,1,7535
0.23934281712685074,1,7536
0.23948363345338136,1,7537
0.23951836734693877,1,7538
0.23988151260504198,1,7539
0.2400560224089636,1,7540
0.24009999999999998,68,7608
0.24013413365346137,1,7609
0.24035114045618244,1,7610
0.24045318127250898,1,7611
0.24102244897959182,1,7612
0.24106698679471789,1,7613
0.2416326530612245,2,7615
0.24164693877551022,1,7616
0.24167551020408162,1,7617
0.24184489795918368,1,7618
0.2420047619047619,2,7620
0.2422122448979592,2,7622
0.2427520912364946,1,7623
0.24276819727891152,1,7624
0.24315882352941176,1,7625
0.24331632653061225,2,7627
0.2434333333333333,2,7629
0.24363157262905163,1,7630
0.24393361344537814,1,7631
0.24396768707482994,1,7632
0.24438571428571426,2,7634
0.24462993197278912,1,7635
0.24463061224489793,2,7637
0.24464261704681872,1,7638
0.24486190476190475,2,7640
0.24489795918367346,4,7644
0.2452668667466987,1,7645
0.24545030892356945,1,7646
0.24570612244897957,1,7647
0.24571124449779913,1,7648
0.2458142857142857,1,7649
0.24591836734693878,1,7650
0.24612448979591833,3,7653
0.24629047619047617,1,7654
0.24633853541416567,1,7655
0.24644081632653062,1,7656
0.24673469387755104,1,7657
0.24676666666666663,1,7658
0.24677953541416567,1,7659
0.24682989195678273,1,7660
0.24693877551020407,1,7661
0.2470339735894358,1,7662
0.24705882352941178,11,7673
0.24709230692276912,1,7674
0.247200300120048,1,7675
0.2472470588235294,2,7677
0.24745114045618247,2,7679
0.24748095238095236,1,7680
0.24753501400560224,1,7681
0.24775726290516206,1,7682
0.2478285714285714,1,7683
0.2484374149659864,1,7684
0.24880588235294115,1,7685
0.24900996398559422,1,7686
0.2493160864345738,2,7688
0.24973265306122444,2,7690
0.24974217687074826,1,7691
0.24987536014405767,1,7692
0.25,65,7757
0.2500764705882353,2,7759
0.25030408163265305,1,7760
0.25039215686274513,1,7761
0.2506122448979592,1,7762
0.25073529411764706,1,7763
0.25075362144857943,1,7764
0.2508373349339736,1,7765
0.25084177671068425,1,7766
0.25142857142857145,1,7767
0.2514405762304922,1,7768
0.2514762905162065,1,7769
0.25166666666666665,1,7770
0.2519047619047619,1,7771
0.2520489795918367,1,7772
0.25207755102040813,1,7773
0.25241632653061225,1,7774
0.25285714285714284,1,7775
0.25293061224489793,1,7776
0.2533142857142857,1,7777
0.2541686674669868,1,7778
0.2542857142857143,1,7779
0.2545470588235294,1,7780
0.2546278511404562,1,7781
0.2548244897959184,2,7783
0.2548888955582233,1,7784
0.2549057523009204,1,7785
0.25490687274909957,1,7786
0.25490996398559423,1,7787
0.25495522208883553,2,7789
0.25510204081632654,2,7791
0.25511904761904763,1,7792
0.2551296118447379,1,7793
0.2551530612244898,1,7794
0.25521608643457383,1,7795
0.25534117647058824,1,7796
0.255508843537415,1,7797
0.25558487394957985,1,7798
0.2557142857142857,2,7800
0.2563285714285714,1,7801
0.25635714285714284,1,7802
0.2564261608643458,1,7803
0.2566142857142857,1,7804
0.25664489795918366,1,7805
0.25666666666666665,1,7806
0.25677647058823533,1,7807
0.2569805522208884,1,7808
0.25749075630252105,1,7809
0.2580081632653061,1,7810
0.25803265306122447,1,7811
0.25882352941176473,10,7821
0.2589435774309724,1,7822
0.2590117647058824,1,7823
0.2592857142857143,1,7824
0.2599265306122449,1,7825
0.2601,67,7892
0.2602040816326531,3,7895
0.2605081632653061,1,7896
0.2605705882352941,1,7897
0.26101224489795916,1,7898
0.2610523809523809,1,7899
0.2612673469387755,1,7900
0.26144158663465383,1,7901
0.26151896758703486,1,7902
0.2617163265306122,1,7903
0.26204081632653065,1,7904
0.2620470588235294,1,7905
0.26225306122448977,1,7906
0.26242172869147656,1,7907
0.2625237695078031,1,7908
0.26253975590236095,1,7909
0.26260204081632654,1,7910
0.2631122448979592,1,7911
0.2635471788715486,1,7912
0.2636764705882353,2,7914
0.2637244897959184,1,7915
0.2637785114045618,1,7916
0.2641882352941176,1,7917
0.26429027611044414,1,7918
0.2646968787515006,1,7919
0.2647619047619048,1,7920
0.26486190476190474,1,7921
0.26503877551020405,1,7922
0.2653061224489796,4,7926
0.2658739791916767,1,7927
0.266063025210084,1,7928
0.26608607442977195,1,7929
0.26652857142857145,1,7930
0.2665326530612245,2,7932
0.2666781512605042,1,7933
0.2670003601440576,1,7934
0.2670434573829532,1,7935
0.26715690276110443,1,7936
0.2672428571428571,1,7937
0.2673551020408163,1,7938
0.26770612244897957,1,7939
0.26802424969988,1,7940
0.2681629051620648,1,7941
0.2683501800720288,1,7942
0.26875844337735094,1,7943
0.2690913229291717,1,7944
0.2692114909963986,1,7945
0.2695165150060024,1,7946
0.26974705882352945,1,7947
0.269849099639856,1,7948
0.2698749099639856,1,7949
0.27006802721088435,1,7950
0.270130612244898,1,7951
0.2701408163265306,1,7952
0.2703309723889556,1,7953
0.27034049619847944,1,7954
0.27040000000000003,56,8010
0.27040816326530615,2,8012
0.27042352941176473,1,8013
0.27058823529411763,9,8022
0.2706380952380953,1,8023
0.2708761904761905,1,8024
0.2708785114045618,1,8025
0.2709847539015606,1,8026
0.2712639455782313,1,8027
0.27169483793517407,1,8028
0.2717972833133253,1,8029
0.2718487394957983,1,8030
0.2719204081632653,1,8031
0.27202881152460984,1,8032
0.2720666666666667,1,8033
0.2721857142857143,1,8034
0.2722448979591837,1,8035
0.27233529411764706,1,8036
0.2724952380952381,1,8037
0.2725690276110444,1,8038
0.2728244897959184,1,8039
0.27296495558223294,1,8040
0.27328487394957984,1,8041
0.2733140756302521,1,8042
0.273338775510204,1,8043
0.2735984393757503,2,8045
0.27370792316926773,1,8046
0.2737333333333334,1,8047
0.27382953181272507,1,8048
0.27430996398559426,1,8049
0.2743201680672269,1,8050
0.2746857142857143,2,8052
0.2748505558223289,1,8053
0.2751255318127251,1,8054
0.2752428571428571,1,8055
0.2755102040816326,2,8057
0.2756380952380953,1,8058
0.27574729891956784,1,8059
0.27631836734693876,1,8060
0.2770530612244898,1,8061
0.2770666666666667,1,8062
0.27734693877551025,1,8063
0.27754285714285715,1,8064
0.2776629051620648,1,8065
0.27815726290516213,1,8066
0.27816326530612245,1,8067
0.2783718087234894,1,8068
0.278790756302521,1,8069
0.27887058823529415,1,8070
0.27895062024809925,1,8071
0.27896966786714683,1,8072
0.2790176470588235,1,8073
0.279030612244898,2,8075
0.2790746698679472,1,8076
0.27935240456182475,1,8077
0.27952785114045614,2,8079
0.27965102040816325,1,8080
0.2804079231692677,1,8081
0.28061224489795916,2,8083
0.28069831932773104,1,8084
0.28090000000000004,50,8134
0.2809130288115246,1,8135
0.28096170468187276,1,8136
0.2810798319327731,1,8137
0.2814204081632653,1,8138
0.28151176470588235,1,8139
0.2816326530612245,1,8140
0.2823529411764706,6,8146
0.2824489795918368,1,8147
0.28294561824729886,1,8148
0.2830285714285714,2,8150
0.28305952380952376,1,8151
0.2833575030012005,1,8152
0.28403361344537814,1,8153
0.2841326530612245,1,8154
0.2843352941176471,1,8155
0.28470952380952386,1,8156
0.2848979015606242,1,8157
0.28490799319727894,1,8158
0.28513409363745496,1,8159
0.2854238095238096,1,8160
0.28543673469387754,1,8161
0.2855764705882353,2,8163
0.2857142857142857,1,8164
0.28574705882352935,1,8165
0.2859295318127251,1,8166
0.2860644057623049,1,8167
0.28629075630252104,1,8168
0.28697478991596637,1,8169
0.2871548619447779,1,8170
0.2871761104441776,1,8171
0.2872265306122449,1,8172
0.28755102040816327,1,8173
0.28761404561824727,1,8174
0.2877160864345738,1,8175
0.2877176470588235,1,8176
0.2878838619447779,1,8177
0.28817886194477793,1,8178
0.2882564225690276,1,8179
0.28864489795918363,1,8180
0.2886456182472989,1,8181
0.28978234333733494,1,8182
0.29007382953181277,1,8183
0.2901546218487395,1,8184
0.2904321728691477,1,8185
0.29045342136854746,1,8186
0.29063529411764705,1,8187
0.2907142857142857,1,8188
0.29081632653061223,3,8191
0.2909924369747899,1,8192
0.2911040816326531,1,8193
0.2911204081632653,2,8195
0.29128391356542616,1,8196
0.2915909963985594,1,8197
0.2916,42,8239
0.29172545018007195,1,8240
0.2919047619047619,1,8241
0.2920428571428571,1,8242
0.2923285714285714,1,8243
0.29238095238095235,1,8244
0.29255238095238095,1,8245
0.29265306122448986,1,8246
0.2928941176470588,1,8247
0.29303721488595436,1,8248
0.2932326530612245,1,8249
0.29350476190476193,1,8250
0.2938104841936775,1,8251
0.2938887154861945,1,8252
0.2939809523809524,1,8253
0.29411764705882354,5,8258
0.29424585834333733,1,8259
0.29425114045618245,1,8260
0.294260144057623,1,8261
0.29433673469387756,1,8262
0.294353181272509,1,8263
0.29439149659863945,1,8264
0.29445714285714286,1,8265
0.2945009603841537,1,8266
0.294616206482593,1,8267
0.2946952380952381,2,8269
0.29471824729891954,1,8270
0.29513277310924363,1,8271
0.29523809523809524,1,8272
0.29529388715486193,1,8273
0.29540952380952384,1,8274
0.29567414965986394,1,8275
0.29582212885154063,1,8276
0.295969387755102,1,8277
0.2962224489795918,1,8278
0.296268487394958,1,8279
0.29636190476190477,1,8280
0.296646218487395,1,8281
0.29665574229691877,1,8282
0.29670204081632656,1,8283
0.29671904761904766,1,8284
0.2967265306122449,1,8285
0.29695714285714286,1,8286
0.2970465882352942,1,8287
0.29714489795918364,2,8289
0.29731428571428575,1,8290
0.29741132452981195,1,8291
0.297430612244898,1,8292
0.29747585034013607,1,8293
0.29751176470588236,1,8294
0.2975434573829532,1,8295
0.2977904761904762,1,8296
0.2979903961584634,1,8297
0.298334693877551,1,8298
0.29874285714285714,1,8299
0.2988489795918367,1,8300
0.2992196878751501,1,8301
0.29933973589435775,1,8302
0.3000522208883553,1,8303
0.3001263705482193,1,8304
0.3001323229291717,1,8305
0.30016530612244896,1,8306
0.3006802721088435,1,8307
0.30091632653061223,1,8308
0.3010122448979592,1,8309
0.3010204081632653,1,8310
0.30104421768707484,1,8311
0.3010729591836735,1,8312
0.30130983393357347,1,8313
0.3013805522208884,1,8314
0.30160588235294117,1,8315
0.3017079231692677,1,8316
0.3018040816326531,1,8317
0.30189075630252105,1,8318
0.3020948379351741,1,8319
0.30217286914765906,1,8320
0.3024009603841537,1,8321
0.30246098439375746,1,8322
0.30250000000000005,46,8368
0.30253265306122445,3,8371
0.3025470588235294,1,8372
0.3025659863945578,1,8373
0.3025755102040816,1,8374
0.3025850340136054,1,8375
0.302728331332533,1,8376
0.302853181272509,1,8377
0.3028571428571429,2,8379
0.302958943577431,1,8380
0.30308598439375745,1,8381
0.3031593037214886,1,8382
0.30343673469387755,2,8384
0.3036181072428972,1,8385
0.30361848739495795,1,8386
0.30385434173669473,1,8387
0.30387755102040814,1,8388
0.3039285714285715,1,8389
0.30403937575030016,1,8390
0.3041924369747899,1,8391
0.3045314525810325,1,8392
0.30504117647058826,1,8393
0.3055513805522209,2,8395
0.3058823529411765,1,8396
0.3059648259303721,1,8397
0.30610240096038416,1,8398
0.30612244897959184,7,8405
0.3061285714285714,1,8406
0.30621992797118847,1,8407
0.3065625450180072,1,8408
0.30720833333333336,1,8409
0.30756302521008405,1,8410
0.30786470588235293,1,8411
0.30799251700680275,1,8412
0.3082142857142858,1,8413
0.308525450180072,1,8414
0.30852797118847536,1,8415
0.30869047619047624,1,8416
0.308703481392557,1,8417
0.3088265306122449,1,8418
0.3090530612244898,1,8419
0.30918067226890755,1,8420
0.3092079231692677,1,8421
0.30961608643457383,1,8422
0.3096846338535414,1,8423
0.3101190476190477,1,8424
0.3105344537815126,1,8425
0.3105558823529412,1,8426
0.3106842737094838,1,8427
0.3109402737094838,1,8428
0.3109469387755102,1,8429
0.3109571428571428,1,8430
0.3110842737094838,1,8431
0.3111051056422569,1,8432
0.3111204081632653,2,8434
0.3112244897959184,1,8435
0.3115122448979592,1,8436
0.3115206546618648,1,8437
0.3115285714285714,1,8438
0.3117557022809124,1,8439
0.3119069227691077,1,8440
0.31200816326530617,1,8441
0.31203265306122446,2,8443
0.3120728291316527,1,8444
0.31229591836734694,1,8445
0.3124795918367347,1,8446
0.3127367346938775,1,8447
0.31326530612244896,1,8448
0.3133705882352941,1,8449
0.31360000000000005,33,8482
0.31367891156462585,1,8483
0.31369411764705885,2,8485
0.3139949179671869,1,8486
0.31403406602641054,1,8487
0.31406362545018013,1,8488
0.3141416566626651,1,8489
0.31416470588235296,1,8490
0.314299599839936,1,8491
0.3153237695078031,1,8492
0.31553209643857544,1,8493
0.3156298919567827,1,8494
0.3159809523809524,1,8495
0.31604897959183675,1,8496
0.3164235294117647,1,8497
0.31661428571428574,1,8498
0.31680588235294116,1,8499
0.31710780312124853,1,8500
0.317134693877551,1,8501
0.31740952380952386,1,8502
0.3175711884753901,1,8503
0.31757647058823524,1,8504
0.3176470588235294,6,8510
0.31766290516206486,1,8511
0.3177805522208883,1,8512
0.3178147258903562,1,8513
0.3178394957983193,1,8514
0.31786938775510204,1,8515
0.31821568627450986,1,8516
0.3187190476190477,1,8517
0.3189577430972389,1,8518
0.3190761904761905,1,8519
0.31918367346938775,1,8520
0.31922541016406564,1,8521
0.3193705882352941,1,8522
0.3195519807923169,1,8523
0.3203511404561825,1,8524
0.32066470588235296,1,8525
0.320868787515006,1,8526
0.32097082833133256,1,8527
0.32119217687074825,1,8528
0.32142040816326534,2,8530
0.3214285714285714,2,8532
0.32142857142857145,1,8533
0.3215646258503402,1,8534
0.3217612244897959,1,8535
0.3218337334933974,1,8536
0.32213445378151256,1,8537
0.3224489795918367,1,8538
0.3225,1,8539
0.32275510204081637,1,8540
0.3228061224489796,1,8541
0.32305462184873945,1,8542
0.32326530612244897,1,8543
0.3232986394557823,1,8544
0.32329982993197276,1,8545
0.32334744897959183,1,8546
0.3234183673469388,1,8547
0.3237770708283313,1,8548
0.3243591836734694,1,8549
0.32455078031212486,1,8550
0.3247058823529412,1,8551
0.32473241296518607,1,8552
0.32484993997599043,1,8553
0.32489999999999997,41,8594
0.3250564225690276,1,8595
0.32531812725090037,1,8596
0.32535894357743095,1,8597
0.3254201680672269,1,8598
0.3254414165666267,1,8599
0.32545018007202886,1,8600
0.325569387755102,1,8601
0.32612545018007205,1,8602
0.32620672268907563,1,8603
0.3262530612244898,1,8604
0.32630060024009605,1,8605
0.3263285714285714,1,8606
0.32653061224489793,5,8611
0.326530612244898,1,8612
0.32733877551020407,1,8613
0.3275510204081633,1,8614
0.32757959183673474,1,8615
0.3277571428571428,1,8616
0.32775714285714286,1,8617
0.3277728691476591,1,8618
0.3279588235294118,1,8619
0.32804285714285714,1,8620
0.32807899159663867,1,8621
0.3284714285714285,1,8622
0.3285714285714286,1,8623
0.3287095238095238,1,8624
0.3288285714285714,1,8625
0.3291262837134854,1,8626
0.32933589435774313,1,8627
0.32941176470588235,4,8631
0.3294238095238095,1,8632
0.32948523409363745,1,8633
0.32950170068027207,1,8634
0.32959627851140455,1,8635
0.3298971188475391,1,8636
0.3299803921568628,1,8637
0.3300120048019207,1,8638
0.3300795918367347,1,8639
0.33066770708283316,1,8640
0.33071512605042014,1,8641
0.33072244897959185,1,8642
0.3308295918367347,1,8643
0.3309714285714285,1,8644
0.3313285714285714,1,8645
0.3315666666666666,1,8646
0.33163265306122447,1,8647
0.3319276110444178,1,8648
0.3319367346938775,1,8649
0.3319676870748299,1,8650
0.3319986394557823,1,8651
0.33207118847539013,1,8652
0.3321316926770709,1,8653
0.33223445378151256,1,8654
0.3324408163265306,1,8655
0.3325190476190476,3,8658
0.3328058823529412,1,8659
0.3331122448979592,1,8660
0.3331448979591837,1,8661
0.33334957983193275,1,8662
0.3334516206482593,1,8663
0.33346336534613846,1,8664
0.3335535014005602,1,8665
0.3336816326530612,1,8666
0.3342422569027611,1,8667
0.3342709483793517,1,8668
0.33445439735894356,1,8669
0.33456326530612246,1,8670
0.33472785114045617,1,8671
0.3347764705882353,1,8672
0.3348769507803121,1,8673
0.33528667466986795,1,8674
0.3354380456182473,1,8675
0.33560232092837133,1,8676
0.33612244897959187,1,8677
0.3364,24,8701
0.336734693877551,1,8702
0.3374909963985595,1,8703
0.3375750300120048,1,8704
0.3377829931972789,1,8705
0.33778367346938776,1,8706
0.3378000300120048,1,8707
0.3378396458583433,1,8708
0.3379957482993197,1,8709
0.338209793917567,1,8710
0.3382469387755102,1,8711
0.33826005402160864,1,8712
0.3383047619047619,2,8714
0.33859807923169266,1,8715
0.33878095238095235,1,8716
0.3389479391756703,1,8717
0.339062024809924,1,8718
0.3391102040816327,1,8719
0.33917436534613843,1,8720
0.33973333333333333,1,8721
0.34033529411764707,1,8722
0.34068571428571426,1,8723
0.3407434573829532,1,8724
0.3408047619047619,1,8725
0.34087551020408163,1,8726
0.3409231292517007,1,8727
0.3411764705882353,1,8728
0.3412997515006002,1,8729
0.34156938775510204,1,8730
0.34173265306122447,1,8731
0.3418285714285715,1,8732
0.34183673469387754,2,8734
0.3421142857142857,1,8735
0.3421408163265306,1,8736
0.34259047619047617,1,8737
0.34262040816326533,1,8738
0.34270204081632655,1,8739
0.3428285714285714,1,8740
0.34285714285714286,1,8741
0.34308231292517005,1,8742
0.34321728691476594,1,8743
0.3433047619047619,1,8744
0.3434337334933974,1,8745
0.34429591836734696,1,8746
0.3444237695078031,1,8747
0.34450204081632657,1,8748
0.3447298919567827,1,8749
0.34483731492597036,1,8750
0.3449249299719888,1,8751
0.34535714285714286,1,8752
0.3454714285714286,1,8753
0.3455909963985594,1,8754
0.34610120048019205,1,8755
0.34664165666266505,1,8756
0.3466612244897959,2,8758
0.3468193913565426,1,8759
0.34693061224489796,1,8760
0.3469387755102041,5,8765
0.34725546218487396,1,8766
0.34760240096038414,1,8767
0.3477493197278912,1,8768
0.34777482993197284,1,8769
0.3478478991596638,1,8770
0.34809999999999997,20,8790
0.34825201320528215,1,8791
0.3483230156062425,1,8792
0.34836746698679466,1,8793
0.34843937575030015,1,8794
0.3484816326530612,1,8795
0.34865930372148857,1,8796
0.3488475390156063,1,8797
0.34945978391356547,1,8798
0.3496296918767507,1,8799
0.3497361344537815,1,8800
0.35,1,8801
0.3500047619047619,1,8802
0.35027210884353743,1,8803
0.3506781212484994,1,8804
0.3507007402961185,1,8805
0.3509571428571428,1,8806
0.35110408163265305,1,8807
0.35114414405762306,1,8808
0.3517734693877551,1,8809
0.35186443217286917,1,8810
0.3519095238095238,1,8811
0.3520326530612245,1,8812
0.35232857142857144,1,8813
0.35234489795918367,1,8814
0.3528489795918367,1,8815
0.35294117647058826,3,8818
0.3530344537815126,1,8819
0.353333493397359,1,8820
0.3535530612244898,1,8821
0.3535945578231292,1,8822
0.35365232092837134,1,8823
0.353781512605042,1,8824
0.35399099639855947,1,8825
0.35429915966386555,1,8826
0.35445714285714286,1,8827
0.3545775606242497,1,8828
0.35458979591836737,1,8829
0.35462184873949576,1,8830
0.35465170068027213,1,8831
0.3547666666666666,1,8832
0.3550420168067227,1,8833
0.355084993997599,1,8834
0.3556815630252101,1,8835
0.355739855942377,1,8836
0.35595882352941177,1,8837
0.3561824729891957,1,8838
0.35652004801920767,1,8839
0.3566871848739495,1,8840
0.3568755102040816,1,8841
0.35714285714285715,2,8843
0.35718511404561826,1,8844
0.3572064729891957,1,8845
0.357430612244898,1,8846
0.3575932773109244,1,8847
0.3576266410564226,1,8848
0.35796794717887154,1,8849
0.3579748299319728,1,8850
0.3585099639855942,1,8851
0.3585559023609443,1,8852
0.35861200480192074,1,8853
0.35871404561824727,1,8854
0.35932629051620646,1,8855
0.36,32,8887
0.3606791116446579,1,8888
0.3609523809523809,1,8889
0.3612235294117647,1,8890
0.36132653061224496,1,8891
0.3613705882352941,1,8892
0.36158163265306126,1,8893
0.3615933457382953,1,8894
0.36200902360944376,1,8895
0.36201802721088433,1,8896
0.3620764705882353,1,8897
0.3622448979591837,1,8898
0.36259421768707484,1,8899
0.3626916090436174,1,8900
0.36276794717887156,1,8901
0.3630952380952381,1,8902
0.36348156422569033,1,8903
0.36365066026410564,1,8904
0.36375714285714283,1,8905
0.36379047619047616,1,8906
0.3638095238095238,1,8907
0.3639667466986795,1,8908
0.36404761904761906,1,8909
0.36406878751500604,1,8910
0.3641342136854742,1,8911
0.364421306122449,1,8912
0.36451764705882356,1,8913
0.36454117647058826,1,8914
0.36470588235294116,3,8917
0.3651190476190476,1,8918
0.36517551020408157,1,8919
0.365255462184874,1,8920
0.3654516206482593,1,8921
0.3657163265306122,1,8922
0.36576530612244895,1,8923
0.36576566626650664,1,8924
0.36585978391356544,1,8925
0.3658771108443377,1,8926
0.3659258603441376,1,8927
0.3659819303721488,1,8928
0.3663857142857143,1,8929
0.366424649859944,1,8930
0.3668489795918367,1,8931
0.3673387755102041,1,8932
0.3673469387755102,3,8935
0.36763469387755104,1,8936
0.3678070828331332,1,8937
0.36781812725090035,1,8938
0.3679471788715486,1,8939
0.3681572629051621,1,8940
0.36825930372148863,2,8942
0.368551462184874,1,8943
0.3686746098439376,1,8944
0.3687632653061224,1,8945
0.3695016102440976,1,8946
0.3695761904761905,1,8947
0.3699486194477791,1,8948
0.3702772793117247,1,8949
0.37027755102040816,1,8950
0.37058823529411766,1,8951
0.3708358943577431,1,8952
0.37195882352941173,1,8953
0.3721,23,8976
0.3723448979591837,2,8978
0.37244897959183676,1,8979
0.3725968787515006,1,8980
0.37280112044817926,1,8981
0.3730390156062425,1,8982
0.3731228091236494,1,8983
0.373135294117647,2,8985
0.37327776350540215,1,8986
0.3732923169267708,1,8987
0.3734183673469388,1,8988
0.3737755102040817,1,8989
0.37395476190476196,1,8990
0.3740136054421769,1,8991
0.3747190476190476,1,8992
0.3748244897959184,1,8993
0.37496598639455786,1,8994
0.3753061224489796,1,8995
0.37543333333333334,1,8996
0.3757163265306122,1,8997
0.37579315726290513,1,8998
0.37617046818727495,1,8999
0.3762823529411765,1,9000
0.37630588235294116,1,9001
0.37630802320928364,1,9002
0.37637703081232493,1,9003
0.3764705882352941,2,9005
0.3764864345738296,1,9006
0.3765020408163265,1,9007
0.3765324729891957,1,9008
0.376878231292517,1,9009
0.3769102040816326,1,9010
0.37699063625450185,1,9011
0.3774469387755102,1,9012
0.37755102040816324,3,9015
0.37774705882352944,1,9016
0.3778511404561825,1,9017
0.37877480432172866,1,9018
0.37881716686674666,1,9019
0.37906326530612244,1,9020
0.3794544217687075,1,9021
0.3798647058823529,1,9022
0.38012605042016806,1,9023
0.3803481392557023,1,9024
0.3804594237695078,1,9025
0.3805789915966386,1,9026
0.3806032412965187,1,9027
0.3807320528211284,1,9028
0.3816846338535414,1,9029
0.3818438175270108,1,9030
0.3820153661464586,1,9031
0.3820927971188475,1,9032
0.3823755102040816,1,9033
0.38254897959183676,1,9034
0.3826530612244898,1,9035
0.3835298519407763,1,9036
0.38381428571428566,1,9037
0.38423553421368545,1,9038
0.38434573829531815,1,9039
0.3844,17,9056
0.3845658263305322,1,9057
0.3854672268907563,1,9058
0.38562925170068024,1,9059
0.3858196878751501,1,9060
0.3861224489795918,1,9061
0.38612448979591835,1,9062
0.38626914765906356,1,9063
0.38649435774309726,1,9064
0.38691509363745497,1,9065
0.38739411764705883,1,9066
0.3874204081632653,1,9067
0.38747755102040815,1,9068
0.3875156462585034,1,9069
0.3876493397358944,1,9070
0.3881099839935975,1,9071
0.38814909963985594,1,9072
0.38820952380952384,1,9073
0.38823529411764707,2,9075
0.38826674669867944,1,9076
0.38905902360944383,1,9077
0.3890830732292917,1,9078
0.3895558223289316,1,9079
0.3904438175270108,1,9080
0.3906245102040816,1,9081
0.39063625450180073,1,9082
0.39073529411764707,1,9083
0.3912265306122449,1,9084
0.39154285714285714,1,9085
0.3920183673469388,1,9086
0.392037575030012,1,9087
0.39225714285714286,1,9088
0.3925506602641056,1,9089
0.39272301920768304,1,9090
0.39285714285714285,1,9091
0.39289183673469386,1,9092
0.39315726290516206,1,9093
0.39320527210884354,1,9094
0.3935513805522209,1,9095
0.39436770708283314,1,9096
0.394369387755102,1,9097
0.39440000000000003,1,9098
0.3945183673469388,1,9099
0.39489795918367343,1,9100
0.3951058823529412,2,9102
0.3952326530612245,2,9104
0.39543817527010805,1,9105
0.3957070428171269,1,9106
0.39592220888355345,1,9107
0.39617731092436975,1,9108
0.39627634053621447,1,9109
0.39627851140456183,2,9111
0.39632857142857136,1,9112
0.3966176470588236,1,9113
0.39690000000000003,15,9128
0.3969205282112845,1,9129
0.3969979591836735,1,9130
0.39762448979591836,1,9131
0.39768511404561824,1,9132
0.39771020408163266,1,9133
0.39794763145258105,1,9134
0.3979591836734694,3,9137
0.3980768707482993,1,9138
0.3982352941176471,1,9139
0.3982590636254502,1,9140
0.3985666666666667,1,9141
0.3991489795918367,1,9142
0.3992809523809524,1,9143
0.3997570932372949,1,9144
0.39983529411764707,1,9145
0.3999284237695078,1,9146
0.4,4,9150
0.40010204081632655,1,9151
0.400584331332533,1,9152
0.4006717486994798,1,9153
0.40094600840336136,1,9154
0.4012605042016807,1,9155
0.4012764705882353,1,9156
0.4015825930372149,1,9157
0.4025829131652661,1,9158
0.40261428571428576,1,9159
0.4030904761904762,1,9160
0.4030982993197279,1,9161
0.40311972789115647,1,9162
0.40322352941176476,1,9163
0.40341088435374156,1,9164
0.4040391356542617,1,9165
0.40408163265306124,1,9166
0.4042224489795918,1,9167
0.4042809523809524,1,9168
0.4043898203281312,1,9169
0.4045422769107643,1,9170
0.40459319727891163,1,9171
0.4047614645858343,1,9172
0.40480816326530616,1,9173
0.405578231292517,1,9174
0.4060544217687075,1,9175
0.4060660864345738,1,9176
0.40623445378151257,1,9177
0.4063625450180072,1,9178
0.40656598639455777,1,9179
0.4068893157262905,1,9180
0.4071040816326531,1,9181
0.4075782569027611,1,9182
0.40816326530612246,1,9183
0.40837160864345734,1,9184
0.4084510204081633,1,9185
0.408498881152461,1,9186
0.4091662464985994,1,9187
0.4091836734693878,1,9188
0.4096,18,9206
0.4096419367747099,1,9207
0.4096428571428572,1,9208
0.40997631812725094,1,9209
0.41078872388955584,1,9210
0.4117647058823529,3,9213
0.4118451296518607,1,9214
0.4121022809123649,1,9215
0.4121102040816327,1,9216
0.4124084033613445,2,9218
0.4124673469387755,1,9219
0.4131226890756302,1,9220
0.4133176870748299,1,9221
0.413569387755102,1,9222
0.41364761904761904,1,9223
0.4138857142857143,1,9224
0.41404897959183673,1,9225
0.41407346938775513,1,9226
0.41432142857142856,1,9227
0.41436190476190476,1,9228
0.4144444733893557,1,9229
0.4145918367346939,1,9230
0.41470588235294115,1,9231
0.41503695478191277,1,9232
0.41508103241296523,1,9233
0.41510204081632657,1,9234
0.41542016806722687,1,9235
0.4155959983993598,1,9236
0.41564081632653066,1,9237
0.4156622448979592,1,9238
0.41569319727891163,1,9239
0.4158786514605843,1,9240
0.41591836734693877,1,9241
0.4159313725490196,1,9242
0.415999399759904,1,9243
0.4160873949579832,1,9244
0.41614645858343335,1,9245
0.41614761904761904,1,9246
0.4161524609843938,1,9247
0.4162302521008403,1,9248
0.41638331332533013,1,9249
0.41642460984393753,1,9250
0.4165873949579832,1,9251
0.4166573129251701,1,9252
0.416811837134854,1,9253
0.41703441376550626,1,9254
0.417406962785114,1,9255
0.41753997599039616,1,9256
0.417687074829932,1,9257
0.41836734693877553,1,9258
0.4185474389755902,1,9259
0.4186074429771909,1,9260
0.41863529411764705,1,9261
0.41864761904761905,1,9262
0.418710987995198,1,9263
0.4188084933973589,1,9264
0.4194001056422569,1,9265
0.41953571428571423,1,9266
0.41957647058823533,1,9267
0.4195788715486194,1,9268
0.41964593837535014,1,9269
0.4197067226890756,1,9270
0.4198832232893158,1,9271
0.4205282112845138,2,9273
0.4207101640656262,1,9274
0.42099837935174067,1,9275
0.42121452581032415,1,9276
0.42141378551420566,1,9277
0.4214530612244898,1,9278
0.42223913565426163,1,9279
0.42228979591836735,1,9280
0.42250000000000004,14,9294
0.4229761904761905,1,9295
0.4232448355342137,1,9296
0.42325085034013604,1,9297
0.4233528611444578,1,9298
0.42345783553421373,1,9299
0.42346938775510207,2,9301
0.4235294117647059,7,9308
0.4237218487394958,1,9309
0.42377346938775506,1,9310
0.4240253397358944,1,9311
0.4242530612244898,2,9313
0.42440946378551414,1,9314
0.4247853541416567,1,9315
0.42494897959183675,1,9316
0.4249816326530612,1,9317
0.4251620648259304,1,9318
0.42541812725090034,1,9319
0.4258333333333334,1,9320
0.4258548619447779,1,9321
0.425928331332533,1,9322
0.4260659639855942,1,9323
0.4260714285714286,1,9324
0.42609446778711485,1,9325
0.4261484593837535,1,9326
0.4267454981992797,1,9327
0.4272754201680672,1,9328
0.4277733493397359,1,9329
0.42810875350140054,1,9330
0.42822990156062424,1,9331
0.4283823529411765,1,9332
0.4285632653061225,1,9333
0.4288591836734694,1,9334
0.4289475390156062,1,9335
0.4291732292917167,1,9336
0.4292536614645858,1,9337
0.42935570228091235,1,9338
0.4295764305722289,1,9339
0.43008955582232894,1,9340
0.43019607843137253,1,9341
0.4304,1,9342
0.43187274909963985,1,9343
0.43199929971988793,1,9344
0.43231992797118857,1,9345
0.43266470588235295,1,9346
0.4327667466986795,1,9347
0.4327764705882353,1,9348
0.4331322929171668,1,9349
0.43328535414165664,1,9350
0.4336021208483394,1,9351
0.4336734693877551,1,9352
0.4338095238095238,1,9353
0.4338535414165666,1,9354
0.43424293717487,1,9355
0.4344571428571429,1,9356
0.43498553421368547,1,9357
0.4352521008403361,1,9358
0.43529411764705883,3,9361
0.4354204081632653,1,9362
0.4354733493397359,1,9363
0.43560000000000004,9,9372
0.4360965986394558,1,9373
0.4361498199279712,1,9374
0.4361904761904762,1,9375
0.43629023609443784,1,9376
0.4368130852340936,1,9377
0.4375983337334934,1,9378
0.43771632653061227,1,9379
0.4382519607843137,1,9380
0.4384571428571429,1,9381
0.43869523809523814,1,9382
0.4387454981992797,1,9383
0.4387673469387755,1,9384
0.4387755102040816,2,9386
0.4388985594237695,1,9387
0.4389333333333334,1,9388
0.4390632653061225,1,9389
0.43912064825930375,1,9390
0.4393577430972389,1,9391
0.43945978391356544,1,9392
0.4395350540216086,1,9393
0.4396720332132854,1,9394
0.44002737094837935,1,9395
0.44028775510204077,1,9396
0.4403619047619048,1,9397
0.4405781112444978,1,9398
0.4408163265306122,1,9399
0.44096494597839136,1,9400
0.44100840336134456,1,9401
0.44115102040816334,1,9402
0.44128073229291714,1,9403
0.44163265306122446,1,9404
0.44179047619047623,1,9405
0.4421647058823529,1,9406
0.4422176470588235,1,9407
0.4424554221688676,1,9408
0.44302244897959187,1,9409
0.4432190476190477,1,9410
0.44367647058823534,1,9411
0.44391700680272117,1,9412
0.4442093537414966,1,9413
0.4449373349339736,1,9414
0.44499063625450175,1,9415
0.4451238095238096,1,9416
0.44538979591836736,1,9417
0.44554739895958384,1,9418
0.4456058823529412,1,9419
0.44605918367346936,1,9420
0.4460950780312125,1,9421
0.4463875350140055,1,9422
0.44648358343337335,1,9423
0.44683669467787107,1,9424
0.44687058823529413,1,9425
0.4470310924369747,1,9426
0.4470588235294118,1,9427
0.44722649059623854,1,9428
0.44773109243697473,1,9429
0.44782312925170065,1,9430
0.44792040816326534,1,9431
0.44843937575030013,1,9432
0.44870204081632653,1,9433
0.4489000000000001,10,9443
0.44894879951980793,1,9444
0.4489795918367347,1,9445
0.4490495798319328,1,9446
0.44917520768307323,1,9447
0.4492425570228091,1,9448
0.4502220888355342,1,9449
0.45110083193277306,1,9450
0.45257899159663867,1,9451
0.45278307322929173,1,9452
0.45302525010004,1,9453
0.45310720288115247,1,9454
0.4531122448979592,1,9455
0.45318571428571436,1,9456
0.45325590996398557,1,9457
0.45356742697078833,1,9458
0.4536619047619048,1,9459
0.45372048819527816,1,9460
0.45385952380952377,1,9461
0.45414013605442183,1,9462
0.45421768707482996,1,9463
0.4545408163265306,1,9464
0.4545470588235294,1,9465
0.454865306122449,1,9466
0.4549469387755102,1,9467
0.45524203681472586,1,9468
0.455286674669868,1,9469
0.45549075630252106,1,9470
0.45568571428571436,1,9471
0.4557746598639456,1,9472
0.45582857142857147,1,9473
0.4559678471388556,1,9474
0.4559855618247299,1,9475
0.45651260504201685,1,9476
0.4566626650660264,1,9477
0.45672218887555016,1,9478
0.45681262505001996,1,9479
0.45689120888355345,1,9480
0.45696914765906366,1,9481
0.45731656662665066,1,9482
0.4574305722288916,1,9483
0.4579828331332534,1,9484
0.4582232893157263,1,9485
0.45850340136054424,1,9486
0.4586352941176471,1,9487
0.45885582232893163,1,9488
0.45889659863945576,1,9489
0.4589414165666267,1,9490
0.459206462585034,1,9491
0.45955366146458587,1,9492
0.46034489795918365,1,9493
0.460568487394958,1,9494
0.4606204081632653,1,9495
0.4606470988395358,1,9496
0.4606842737094838,1,9497
0.46080774549819925,1,9498
0.46176470588235297,1,9499
0.46183469387755105,1,9500
0.46217687074829933,1,9501
0.4623649459783914,1,9502
0.4624000000000001,10,9512
0.46303205282112847,1,9513
0.46326230492196885,1,9514
0.4633163265306123,1,9515
0.4633463385354142,1,9516
0.46362545018007206,1,9517
0.4637805522208884,1,9518
0.46393673469387753,1,9519
0.4642857142857143,1,9520
0.46442176870748303,1,9521
0.46454777911164463,1,9522
0.46513367346938783,1,9523
0.4655657863145258,1,9524
0.46570352140856336,1,9525
0.46576530612244904,1,9526
0.46627507442977195,1,9527
0.4663925570228092,1,9528
0.4664462184873949,1,9529
0.46705874349739895,1,9530
0.46720588235294125,1,9531
0.4674705786314526,1,9532
0.46763809523809535,1,9533
0.4680524409763906,1,9534
0.46857947178871545,1,9535
0.4692680348139256,1,9536
0.46938775510204084,1,9537
0.4699434573829532,1,9538
0.4700237094837935,1,9539
0.4700536614645859,1,9540
0.47058823529411764,1,9541
0.4706257703081233,1,9542
0.4706954381752701,1,9543
0.47103577430972393,1,9544
0.47106326530612247,1,9545
0.4714402160864346,1,9546
0.4718040816326531,1,9547
0.4725789915966387,1,9548
0.47316876750700276,1,9549
0.4732235294117647,1,9550
0.47380348139255707,1,9551
0.4748438775510204,1,9552
0.475087274909964,1,9553
0.47516908763505405,1,9554
0.47537346938775515,1,9555
0.47551296518607444,1,9556
0.4756930572228891,1,9557
0.4758163265306123,1,9558
0.4759767507002801,1,9559
0.4760999999999999,10,9569
0.476155462184874,1,9570
0.47635054021608647,1,9571
0.47637686074429775,1,9572
0.4765042517006803,1,9573
0.47653061224489796,1,9574
0.4768257979191676,1,9575
0.4771327330932373,1,9576
0.47746826730692277,1,9577
0.47768277310924373,1,9578
0.4785862569027611,1,9579
0.4786368547418967,1,9580
0.47868347338935574,1,9581
0.47911164465786316,1,9582
0.47923853541416567,1,9583
0.47959183673469385,1,9584
0.4797235294117647,1,9585
0.4802827130852341,1,9586
0.48056745258103245,1,9587
0.4805807923169268,1,9588
0.4811469387755102,1,9589
0.481812224889956,1,9590
0.48216470588235294,1,9591
0.4823529411764706,3,9594
0.482368787515006,1,9595
0.48244897959183675,1,9596
0.48265494197679076,1,9597
0.48418070388155265,1,9598
0.4846809667867147,1,9599
0.4846938775510204,1,9600
0.4852941176470588,1,9601
0.4856050420168067,1,9602
0.48562380952380946,1,9603
0.48582156862745096,1,9604
0.4862011204481793,1,9605
0.4862124849939976,1,9606
0.4862585034013605,1,9607
0.48644081632653063,1,9608
0.4864855942376951,1,9609
0.487163225290116,1,9610
0.48841536614645864,1,9611
0.4884772709083634,1,9612
0.4892109099639856,1,9613
0.4897847539015606,1,9614
0.4897959183673469,3,9617
0.48983769507803115,1,9618
0.48999999999999994,5,9623
0.49012605042016805,1,9624
0.4901895158063226,1,9625
0.4903593037214886,2,9627
0.4904342537014806,1,9628
0.4904481792717087,1,9629
0.49068627450980395,1,9630
0.49079243697478997,1,9631
0.490884393757503,1,9632
0.49104453421368555,1,9633
0.4923169267707083,1,9634
0.49261944417767106,1,9635
0.4926530612244898,2,9637
0.4937523809523809,1,9638
0.49411764705882355,2,9640
0.4942376950780312,1,9641
0.49464285714285705,1,9642
0.49489795918367346,1,9643
0.4952020408163265,1,9644
0.495232012805122,1,9645
0.49556010404161666,1,9646
0.4957397358943577,1,9647
0.4962244897959184,1,9648
0.4963918367346939,1,9649
0.4964251700680273,1,9650
0.49724045618247303,1,9651
0.49731968787515,1,9652
0.498015606242497,1,9653
0.4981652661064426,1,9654
0.4985067030812325,1,9655
0.4990816326530612,1,9656
0.49914441776710683,1,9657
0.4991492196878752,1,9658
0.49915066026410565,1,9659
0.49966530612244897,1,9660
0.49999999999999994,1,9661
0.5010748899559824,1,9662
0.5012127587034814,1,9663
0.5012270708283313,1,9664
0.5015111644657863,1,9665
0.5017406962785114,1,9666
0.5024990796318527,1,9667
0.5025051924769908,1,9668
0.5026698279311724,1,9669
0.502901200480192,1,9670
0.5030597839135655,1,9671
0.5032392557022809,1,9672
0.5037667266906762,1,9673
0.5037833933573429,1,9674
0.5041,1,9675
0.5042559023609443,1,9676
0.5049491396558623,1,9677
0.5049979591836735,1,9678
0.5050455782312926,1,9679
0.5053243697478992,1,9680
0.5058823529411764,1,9681
0.5065387755102041,1,9682
0.5066666666666667,1,9683
0.5067857142857143,1,9684
0.5071226890756303,1,9685
0.5071334489795919,1,9686
0.5073081432573029,1,9687
0.5073229291716687,1,9688
0.5075659863945579,1,9689
0.5076237130852341,1,9690
0.5077616446578632,1,9691
0.5079095238095238,1,9692
0.507975150060024,1,9693
0.508573469387755,1,9694
0.5086224489795919,1,9695
0.5091296518607442,1,9696
0.5091948979591837,1,9697
0.5092506602641057,1,9698
0.5095238095238095,1,9699
0.5100092236894758,1,9700
0.5102500400160065,1,9701
0.5104196494597839,1,9702
0.5109433373349339,1,9703
0.5112470588235294,1,9704
0.5114178471388555,1,9705
0.5116836734693878,1,9706
0.5116908163265307,1,9707
0.5122448979591836,1,9708
0.5124257102841137,1,9709
0.51243637454982,1,9710
0.512552380952381,1,9711
0.5127529411764706,1,9712
0.5131924369747899,1,9713
0.5136222088835534,2,9715
0.5136755102040815,1,9716
0.5145396654661866,1,9717
0.5146162464985994,1,9718
0.5147224489795919,1,9719
0.5147304021608644,1,9720
0.5147659459783914,1,9721
0.5149794717887155,1,9722
0.5151830732292917,1,9723
0.5153061224489796,1,9724
0.5156760204081633,1,9725
0.5161941176470588,1,9726
0.5163861944777911,1,9727
0.5166396158463386,1,9728
0.5170896758703482,1,9729
0.5171006802721089,1,9730
0.5172710884353741,1,9731
0.5173171268507404,1,9732
0.5176470588235295,2,9734
0.5180197679071629,1,9735
0.5183771908763505,1,9736
0.5184,8,9744
0.519128961584634,1,9745
0.5195678271308524,1,9746
0.5202500600240095,1,9747
0.5206122448979591,1,9748
0.5207574829931971,1,9749
0.5207991596638656,1,9750
0.5211918367346939,1,9751
0.521608643457383,1,9752
0.5219820928371349,1,9753
0.522016806722689,1,9754
0.5221893357342937,1,9755
0.5228716890756302,1,9756
0.5228768707482994,1,9757
0.5232653061224489,1,9758
0.5235022208883553,1,9759
0.5242352541016406,1,9760
0.5248081632653061,1,9761
0.5249700276110444,1,9762
0.5251454981992797,1,9763
0.525364705882353,1,9764
0.5258142857142857,1,9765
0.5258843537414967,1,9766
0.5260638655462185,1,9767
0.526245318127251,1,9768
0.5262938775510204,1,9769
0.5264105642256903,1,9770
0.5271204081632652,1,9771
0.5271879951980792,1,9772
0.5272539015606243,1,9773
0.5272902761104442,1,9774
0.5278477791116446,1,9775
0.5279588235294118,1,9776
0.5279921568627451,1,9777
0.5285622849139655,1,9778
0.528758143257303,1,9779
0.5294117647058824,2,9781
0.5295711884753902,1,9782
0.5296428571428572,1,9783
0.5296875150060024,1,9784
0.5299867146858744,1,9785
0.5304480192076831,1,9786
0.5306122448979592,2,9788
0.5308639855942376,1,9789
0.5312434373749501,1,9790
0.5315348855542217,1,9791
0.5316893157262904,1,9792
0.5318161488595439,1,9793
0.5323315326130451,1,9794
0.5327612208883553,1,9795
0.5327799519807923,1,9796
0.5328999999999999,2,9798
0.5335252016806723,1,9799
0.5338325330132053,1,9800
0.5341169411764706,1,9801
0.5346998799519808,1,9802
0.5348062825130052,1,9803
0.5356346938775511,1,9804
0.5364595238095238,1,9805
0.5368439775910364,1,9806
0.5370495798319327,1,9807
0.5371938775510204,1,9808
0.5372551020408163,1,9809
0.5372769507803121,1,9810
0.5374612244897959,1,9811
0.5375320528211285,1,9812
0.5377941176470589,2,9814
0.5379631452581032,1,9815
0.5386588235294119,1,9816
0.5388130852340938,1,9817
0.539015606242497,1,9818
0.5393285714285714,2,9820
0.5394030012004801,1,9821
0.5395442701080432,1,9822
0.5397571428571428,1,9823
0.5399276110444179,1,9824
0.5405762304921969,1,9825
0.5408423969587836,1,9826
0.5411764705882353,3,9829
0.5416000000000001,1,9830
0.5420204081632652,1,9831
0.5420321728691476,1,9832
0.5434295318127251,1,9833
0.5442680672268908,1,9834
0.5445485194077632,1,9835
0.545880912364946,1,9836
0.5459435374149659,1,9837
0.5461555822328931,1,9838
0.5462382653061224,1,9839
0.5471558223289316,1,9840
0.5472684173669469,1,9841
0.5474613445378151,1,9842
0.5474812925170068,1,9843
0.5476,3,9846
0.5483292917166867,1,9847
0.548572869147659,1,9848
0.5488512488995597,1,9849
0.5489411764705882,1,9850
0.5491523109243698,1,9851
0.5493099639855943,1,9852
0.5498680636254502,1,9853
0.550236574629852,1,9854
0.5504801920768307,1,9855
0.551036974789916,1,9856
0.5527163121248501,1,9857
0.5527525306122449,1,9858
0.5528256502601041,1,9859
0.5529411764705883,1,9860
0.5534909963985594,1,9861
0.5535290516206484,1,9862
0.5535590236094438,1,9863
0.5536864345738295,1,9864
0.553932092837135,1,9865
0.5543456086434574,1,9866
0.5546254405762305,1,9867
0.5551530612244898,1,9868
0.5552190476190476,1,9869
0.5554367346938776,1,9870
0.5555375634253701,1,9871
0.555695238095238,1,9872
0.5571068427370949,1,9873
0.5572489695878351,1,9874
0.5573263529411765,1,9875
0.5578631452581032,1,9876
0.5584979591836735,2,9878
0.558657793117247,1,9879
0.559017887154862,1,9880
0.5594943577430973,1,9881
0.5604081632653062,1,9882
0.5607648859543818,1,9883
0.5612244897959184,1,9884
0.5612403361344538,1,9885
0.5614619047619048,1,9886
0.561921318527411,1,9887
0.562011444577831,1,9888
0.5625,5,9893
0.5625411764705883,1,9894
0.5632716086434574,1,9895
0.5632957983193277,1,9896
0.5636571132452982,1,9897
0.5638842336934774,1,9898
0.5643857142857143,1,9899
0.5646366146458583,1,9900
0.5650060024009604,1,9901
0.5650386554621849,1,9902
0.565127931172469,1,9903
0.565439737494998,1,9904
0.565459543817527,1,9905
0.565768587434974,1,9906
0.5658441776710684,1,9907
0.5660710484193678,1,9908
0.5663265306122449,1,9909
0.567891156462585,1,9910
0.5680090836334534,1,9911
0.5684294121648659,1,9912
0.5684979991996799,1,9913
0.5688637855142057,1,9914
0.5691301120448179,1,9915
0.5693244897959183,1,9916
0.5696278511404562,1,9917
0.5698061224489797,1,9918
0.5704491196478593,1,9919
0.5705158063225291,1,9920
0.5710145402160864,1,9921
0.5714132653061226,1,9922
0.5714285714285714,2,9924
0.5715594737895159,1,9925
0.5718360544217688,1,9926
0.5724789915966386,1,9927
0.572536856342537,1,9928
0.5727145258103241,1,9929
0.5729462585034014,1,9930
0.5729715486194479,1,9931
0.5730579831932773,1,9932
0.5730881352541016,1,9933
0.5730882352941177,1,9934
0.5731100016006402,1,9935
0.5731854341736695,1,9936
0.5734265306122449,1,9937
0.5736343337334934,1,9938
0.574289255702281,1,9939
0.5743924969987995,1,9940
0.5753783713485394,1,9941
0.5763619447779113,1,9942
0.5774309723889556,1,9943
0.5777118723489396,1,9944
0.5779499399759904,1,9945
0.5780149659863946,1,9946
0.5781116362545018,1,9947
0.5794017571028411,1,9948
0.5794117647058823,1,9949
0.5795238095238094,1,9950
0.5797469387755103,1,9951
0.580516506602641,1,9952
0.580623649459784,1,9953
0.5816326530612245,1,9954
0.5821884129651861,1,9955
0.5829746098439377,1,9956
0.5830424669867947,1,9957
0.5835294117647059,1,9958
0.5837235294117646,1,9959
0.5837406046418567,1,9960
0.583864705882353,1,9961
0.5839204081632652,1,9962
0.5840573829531812,1,9963
0.584093637454982,1,9964
0.5841594237695077,1,9965
0.5846416566626651,1,9966
0.5848319327731091,1,9967
0.5848529411764707,1,9968
0.5854184669867948,1,9969
0.5854996398559424,1,9970
0.585522325330132,1,9971
0.5856284713885553,1,9972
0.5858495798319328,1,9973
0.5865861944777911,1,9974
0.5869862340936375,1,9975
0.5870354141656662,1,9976
0.5872950780312125,1,9977
0.5876,1,9978
0.5882352941176471,1,9979
0.5885957659063625,1,9980
0.5891102040816327,1,9981
0.5891956782713085,1,9982
0.5895615846338537,1,9983
0.5896041216486595,1,9984
0.5900712685074029,1,9985
0.5901906362545019,1,9986
0.5922479215686275,1,9987
0.5924724705882353,1,9988
0.5928601440576231,1,9989
0.5929,2,9991
0.5930515306122448,1,9992
0.5934555822328932,1,9993
0.5936692577030813,1,9994
0.5939975990396158,1,9995
0.5941626050420169,1,9996
0.594285830732293,1,9997
0.5944844337735093,1,9998
0.5951380552220888,1,9999
0.5952941176470588,1,10000
0.5953834557823129,1,10001
0.5958201680672268,1,10002
0.5959119647859143,1,10003
0.5962144361744698,1,10004
0.5962313725490196,1,10005
0.5964714285714285,1,10006
0.5968208083233293,1,10007
0.5969076966786715,1,10008
0.5972107643057223,1,10009
0.5980739495798317,1,10010
0.5981380952380952,1,10011
0.5988819727891157,1,10012
0.5990996398559424,1,10013
0.5993142857142857,1,10014
0.5994027210884354,1,10015
0.5996259403761504,1,10016
0.6,3,10019
0.6002168067226891,1,10020
0.6008321728691477,1,10021
0.6010197278911565,1,10022
0.6017632653061225,1,10023
0.6019687150860344,1,10024
0.6022964585834334,1,10025
0.6028070828331332,1,10026
0.6031970388155262,1,10027
0.6034013605442177,1,10028
0.6034740896358544,1,10029
0.604201680672269,1,10030
0.6068795918367347,1,10031
0.607296781112445,1,10032
0.6073448035214086,1,10033
0.6080692677070828,1,10034
0.6080717887154862,1,10035
0.6084,4,10039
0.6084505402160864,1,10040
0.6086319263705482,1,10041
0.6086534013605444,1,10042
0.6088623049219688,1,10043
0.6093435774309723,1,10044
0.6093789915966387,1,10045
0.6094817863145258,1,10046
0.6095543817527012,1,10047
0.6097204081632652,1,10048
0.6097836334533814,1,10049
0.61,1,10050
0.6100682172869148,1,10051
0.610671150060024,1,10052
0.6111224833933574,1,10053
0.6115875534213686,1,10054
0.611764705882353,3,10057
0.6122448979591837,1,10058
0.613435774309724,1,10059
0.614352380952381,1,10060
0.6152655918367348,1,10061
0.6158425014005603,1,10062
0.6163865546218488,1,10063
0.6175746298519408,1,10064
0.6188939879951981,1,10065
0.6190652661064426,1,10066
0.6193837535014006,1,10067
0.6195537815126052,1,10068
0.6202470588235294,1,10069
0.6203696178471388,1,10070
0.620385594237695,1,10071
0.6207355342136854,1,10072
0.6214060024009603,1,10073
0.6216565230092037,1,10074
0.6218343737494998,1,10075
0.6219087635054021,1,10076
0.6221971392557023,1,10077
0.6224489795918368,2,10079
0.6225450180072029,1,10080
0.6227642593037215,1,10081
0.6233238095238095,1,10082
0.6239523809523809,1,10083
0.6239769507803121,1,10084
0.6247561724689876,1,10085
0.6247941776710685,1,10086
0.6249724073629452,1,10087
0.6251531012404962,1,10088
0.626170468187275,1,10089
0.6265561224489796,1,10090
0.6275428571428572,1,10091
0.6275510204081632,1,10092
0.628334693877551,1,10093
0.6287111644657863,1,10094
0.6295444281712685,1,10095
0.6311509547819129,1,10096
0.631457763105242,1,10097
0.6317879151660665,1,10098
0.6319801020408164,1,10099
0.6322866490596238,1,10100
0.6324031212484995,1,10101
0.6324541416566627,1,10102
0.6326047619047619,1,10103
0.6328431028411365,1,10104
0.6331008803521408,1,10105
0.6331803121248499,1,10106
0.6331932773109243,1,10107
0.6335159863945579,1,10108
0.6336088835534214,1,10109
0.6338488095238095,1,10110
0.6341000000000001,1,10111
0.6343489651860744,1,10112
0.6347694453781513,1,10113
0.6347764889955981,1,10114
0.6349923969587835,1,10115
0.6353289651860744,1,10116
0.6355102040816326,1,10117
0.6356032613045218,1,10118
0.6366420168067227,1,10119
0.6371342136854743,1,10120
0.6374061224489795,1,10121
0.6374680272108842,1,10122
0.6377176870748299,1,10123
0.6392755606242497,1,10124
0.6396353141256502,1,10125
0.6400000000000001,1,10126
0.6415382717086834,1,10127
0.642164705882353,1,10128
0.6427775510204082,1,10129
0.6430927170868348,1,10130
0.6436054021608643,1,10131
0.6443864545818327,1,10132
0.6449791116446578,1,10133
0.6451013349339736,1,10134
0.6457859143657463,1,10135
0.6457877551020408,1,10136
0.645841056422569,1,10137
0.6460817927170869,1,10138
0.646578631452581,1,10139
0.6467784713885555,1,10140
0.6470588235294118,1,10141
0.6471671272509003,1,10142
0.6475165866346538,1,10143
0.6484807038815527,1,10144
0.6485714285714287,1,10145
0.6486675834333734,1,10146
0.6499238095238096,1,10147
0.650337074829932,1,10148
0.6513018323329333,1,10149
0.6547986794717887,1,10150
0.6548361788715485,1,10151
0.6559418931572629,1,10152
0.6559424165666267,1,10153
0.6559995198079231,1,10154
0.6560477390956382,1,10155
0.6561000000000001,1,10156
0.6565957983193277,1,10157
0.6566588235294117,1,10158
0.6566864345738295,1,10159
0.6567608643457382,1,10160
0.6568230892356942,1,10161
0.6568459783913565,1,10162
0.6570039615846338,1,10163
0.657375662665066,1,10164
0.6574666866746699,1,10165
0.6578142857142857,1,10166
0.6579231692677071,1,10167
0.6588235294117647,1,10168
0.6588701680672269,1,10169
0.6590614645858344,1,10170
0.6595764705882352,1,10171
0.6598349339735895,1,10172
0.6611827430972388,1,10173
0.6616918367346939,1,10174
0.6623280096038414,1,10175
0.6626767106842738,1,10176
0.6627938259303721,1,10177
0.6639084429771909,1,10178
0.6639607843137255,1,10179
0.6643942100840337,1,10180
0.6645896422569028,1,10181
0.6645897959183673,1,10182
0.6648632653061224,1,10183
0.6648949579831933,1,10184
0.6650488595438174,1,10185
0.6659412100840337,1,10186
0.6663926914765905,1,10187
0.6667785014005603,1,10188
0.6669248899559823,1,10189
0.6669715486194477,1,10190
0.6678211284513805,1,10191
0.6680326530612244,1,10192
0.6685226090436175,1,10193
0.6685474189675871,1,10194
0.6686773109243698,1,10195
0.6688475390156062,1,10196
0.6724672268907562,1,10197
0.6740110444177672,1,10198
0.6741431372549018,1,10199
0.6743363945578231,1,10200
0.6743708283313326,1,10201
0.6752100840336135,1,10202
0.6754563169267707,1,10203
0.6755170068027212,1,10204
0.6761585798319328,1,10205
0.6762887555022009,1,10206
0.6764573829531813,1,10207
0.6771781112444978,1,10208
0.67875150060024,1,10209
0.6787518283313325,1,10210
0.6787881352541016,1,10211
0.6788229291716686,1,10212
0.6792211284513806,1,10213
0.6797170468187275,1,10214
0.6800405762304922,1,10215
0.6800654261704682,1,10216
0.6808437975190076,1,10217
0.6810514605842337,1,10218
0.6812610244097639,1,10219
0.6813265306122449,1,10220
0.6814906762705083,1,10221
0.683576930772309,1,10222
0.6845134453781513,1,10223
0.6854940176070429,1,10224
0.6867422104841936,1,10225
0.6868897959183674,1,10226
0.6881091236494599,1,10227
0.6884955782312925,1,10228
0.6887404761904762,1,10229
0.6887851940776311,1,10230
0.6889,1,10231
0.6892235294117647,1,10232
0.6893636218487394,1,10233
0.6893801920768308,1,10234
0.6893919167667066,1,10235
0.689483193277311,1,10236
0.6896496598639456,1,10237
0.6902280912364946,1,10238
0.6904144057623051,1,10239
0.6905035714285714,1,10240
0.691200699879952,1,10241
0.6913565426170469,1,10242
0.6915072829131652,1,10243
0.6919097238895558,1,10244
0.6922866746698679,1,10245
0.6928649759903962,1,10246
0.6932550220088035,1,10247
0.6934740660264105,1,10248
0.693997637454982,1,10249
0.6943551020408163,1,10250
0.6949779507803121,1,10251
0.6955106042416968,1,10252
0.6955666666666667,1,10253
0.6957637454981994,1,10254
0.6962176870748298,1,10255
0.6969494097639056,1,10256
0.6975313725490195,1,10257
0.6975361344537815,1,10258
0.6979350344137656,1,10259
0.6980370948379352,1,10260
0.6984002801120448,1,10261
0.6990681872749099,1,10262
0.7001209483793518,1,10263
0.7004163265306123,1,10264
0.7008679015606243,1,10265
0.7013705882352941,1,10266
0.7015371648659464,1,10267
0.7016299019607843,1,10268
0.7027010804321729,1,10269
0.7027396214485795,1,10270
0.7028472989195678,1,10271
0.7028978391356543,1,10272
0.7031122448979592,1,10273
0.7032202881152461,1,10274
0.7034425970388154,1,10275
0.7037176470588236,1,10276
0.7041381152460984,1,10277
0.7043823685474189,1,10278
0.7055999999999999,1,10279
0.7065094037615046,1,10280
0.7071526210484194,1,10281
0.7088987851140457,1,10282
0.7102744897959185,1,10283
0.7102996014405762,1,10284
0.7106204081632653,1,10285
0.7114325330132053,1,10286
0.7114374345738296,1,10287
0.711601680672269,1,10288
0.7117647454981992,1,10289
0.711854131652661,1,10290
0.7122859743897559,1,10291
0.7129222745098038,1,10292
0.7141446578631452,1,10293
0.7148711340536215,1,10294
0.7149192877150861,1,10295
0.7156142056822729,1,10296
0.7156847138855542,1,10297
0.7165061024409765,1,10298
0.7168038415366146,1,10299
0.7176470588235294,2,10301
0.7187064825930373,1,10302
0.718874149659864,1,10303
0.7201036314525812,1,10304
0.7203328931572629,1,10305
0.7204285630252101,1,10306
0.7208673469387756,1,10307
0.7211665466186475,1,10308
0.721504761904762,1,10309
0.7218489795918368,1,10310
0.7218713585434173,1,10311
0.7223813925570229,1,10312
0.7226625050020008,1,10313
0.7228925170068027,1,10314
0.7229344537815127,1,10315
0.7231050720288116,1,10316
0.7231256866746698,1,10317
0.7240329075630252,1,10318
0.7240409299719888,1,10319
0.7243697478991598,1,10320
0.7245022464985994,1,10321
0.724609343737495,1,10322
0.7255222088835533,1,10323
0.7257519607843137,1,10324
0.72588056222489,1,10325
0.7262590636254501,1,10326
0.7272968587434974,1,10327
0.727392356942777,1,10328
0.7276470588235294,1,10329
0.7277403361344538,1,10330
0.7279551396558624,1,10331
0.7286756302521008,1,10332
0.7294117647058823,1,10333
0.7313148459383754,1,10334
0.731547619047619,1,10335
0.7328350140056022,1,10336
0.7339728187274909,1,10337
0.733979231692677,1,10338
0.7348172068827531,1,10339
0.7349319443777511,1,10340
0.7351740696278511,1,10341
0.7357807286914766,1,10342
0.7360652561024411,1,10343
0.7363352941176471,1,10344
0.7368892156862744,1,10345
0.7370507803121249,1,10346
0.7379351740696278,1,10347
0.7387110444177671,1,10348
0.7387535814325731,1,10349
0.7394143857543019,1,10350
0.7395999999999999,1,10351
0.7401836734693878,1,10352
0.7402790300120048,1,10353
0.7404223489395758,1,10354
0.7405876150460183,1,10355
0.7411025110044018,1,10356
0.7411764705882353,1,10357
0.7415117647058823,1,10358
0.7415756302521009,1,10359
0.7416,1,10360
0.7416985138055223,1,10361
0.7422027995198079,1,10362
0.7430657519007604,1,10363
0.7435600404161665,1,10364
0.7438829531812726,1,10365
0.7447173869547818,1,10366
0.7447197679071628,1,10367
0.7447527346938776,1,10368
0.7448979591836735,1,10369
0.7452338631452581,1,10370
0.7454981992797118,1,10371
0.7476576230492196,1,10372
0.7478762705082032,1,10373
0.7481142857142857,1,10374
0.7482741896758703,1,10375
0.7487027755102041,1,10376
0.7493619047619047,1,10377
0.7500768291316526,1,10378
0.7502326530612244,1,10379
0.7508052020808323,1,10380
0.7509689519807924,1,10381
0.7509717887154862,1,10382
0.7512286514605842,1,10383
0.7514311724689876,1,10384
0.7514795918367347,1,10385
0.7515391156462585,1,10386
0.7517006802721088,1,10387
0.7517406962785114,1,10388
0.751833881152461,1,10389
0.7529411764705882,1,10390
0.7541571428571429,1,10391
0.7543245198079231,1,10392
0.7545227290916368,1,10393
0.7549979591836735,1,10394
0.7555890756302521,1,10395
0.7557484193677471,1,10396
0.7562176870748298,1,10397
0.7567496998799519,1,10398
0.7576154061624649,1,10399
0.7591690480192077,1,10400
0.7592811224489796,1,10401
0.7596152460984394,1,10402
0.7607473689475791,1,10403
0.7607729075630252,1,10404
0.7629681056422569,1,10405
0.7631522008803521,1,10406
0.7631757102841136,1,10407
0.7637088435374149,1,10408
0.7641540516206483,1,10409
0.7648623049219687,1,10410
0.7648881152460985,1,10411
0.7658280912364946,1,10412
0.7659759707883151,1,10413
0.7663364945978391,1,10414
0.7678123449379751,1,10415
0.7678623845538216,1,10416
0.76968887555022,1,10417
0.7697533013205281,1,10418
0.7698079231692677,1,10419
0.7698981992797119,1,10420
0.7705272509003603,1,10421
0.7705543673469389,1,10422
0.7712598939575831,1,10423
0.7713513805522209,1,10424
0.7722074429771908,1,10425
0.7733493793517406,1,10426
0.7734080632252901,1,10427
0.7737595234093637,1,10428
0.7739197478991597,1,10429
0.7741360144057623,1,10430
0.7744450036014406,1,10431
0.7748196462585034,1,10432
0.7757142857142856,1,10433
0.7758693877551021,1,10434
0.7759147659063627,1,10435
0.776259743897559,1,10436
0.7765284913965587,1,10437
0.7768971188475391,1,10438
0.7769773905562224,1,10439
0.7786285714285714,1,10440
0.7787848723489396,1,10441
0.779185992797119,1,10442
0.779301300920368,1,10443
0.7794045418167266,1,10444
0.7797066226490597,1,10445
0.7799564225690276,1,10446
0.7804266870748299,1,10447
0.7805717486994798,1,10448
0.7822310924369749,1,10449
0.7832628855542216,1,10450
0.783283013205282,1,10451
0.7834933973589435,1,10452
0.7841136050420168,1,10453
0.7841176470588235,1,10454
0.7841741496598639,1,10455
0.7877098295318128,1,10456
0.7877419367747099,1,10457
0.788344987995198,1,10458
0.7883982597038816,1,10459
0.78875306122449,1,10460
0.7915147462985194,1,10461
0.7919276110444177,1,10462
0.7935037615046019,1,10463
0.7937163265306122,1,10464
0.7937231492597039,1,10465
0.7940499799919968,1,10466
0.7940773609443778,1,10467
0.7941531428571429,1,10468
0.7942745498199278,1,10469
0.7944235294117648,1,10470
0.7944944233693477,1,10471
0.7952112044817927,1,10472
0.7952515006002402,1,10473
0.7952610228091237,1,10474
0.7956598639455782,1,10475
0.796042857142857,1,10476
0.7962912765106043,1,10477
0.7963389355742297,1,10478
0.7964605038015206,1,10479
0.7969936374549821,1,10480
0.7991758303321329,1,10481
0.799411144457783,1,10482
0.800148993197279,1,10483
0.8007397959183674,1,10484
0.8013050420168066,1,10485
0.8016270408163266,1,10486
0.8016734493797519,1,10487
0.8017166866746699,1,10488
0.8035806722689074,1,10489
0.8045614849939976,1,10490
0.805175650260104,1,10491
0.8054363345338136,1,10492
0.8060614645858343,1,10493
0.8068598235294118,1,10494
0.8070588235294118,1,10495
0.8079122448979592,1,10496
0.8082215986394559,1,10497
0.8082256358543418,1,10498
0.8084604041616645,1,10499
0.810204081632653,1,10500
0.8111334333733492,1,10501
0.8114046014405761,1,10502
0.8114807523009203,1,10503
0.8117322128851541,1,10504
0.812229106042417,1,10505
0.8128451380552221,1,10506
0.812982292917167,1,10507
0.8133673069227692,1,10508
0.8146666266506604,1,10509
0.8153363561424569,1,10510
0.8159463285314126,1,10511
0.8161906362545018,1,10512
0.8168429571828733,1,10513
0.8169486194477791,1,10514
0.8175496598639455,1,10515
0.8180328931572629,1,10516
0.8187806122448981,1,10517
0.8194117647058823,1,10518
0.8200113045218087,1,10519
0.8214294917967186,1,10520
0.8220087635054021,1,10521
0.8236104037615045,1,10522
0.8255335134053622,1,10523
0.8259554421768708,1,10524
0.8262435374149659,1,10525
0.8264680272108844,1,10526
0.8274342737094839,1,10527
0.8274504657863146,1,10528
0.8280254901960784,1,10529
0.8281000000000001,1,10530
0.8292132853141255,1,10531
0.8296106586634654,1,10532
0.8300344761904761,1,10533
0.8313025686274509,1,10534
0.8316608143257302,1,10535
0.8320282857142857,1,10536
0.8332533013205282,1,10537
0.8335184273709483,1,10538
0.8338682929171669,1,10539
0.8340562224889957,1,10540
0.8347265306122449,1,10541
0.8347931972789115,1,10542
0.8348817827130852,1,10543
0.834915206082433,1,10544
0.8357423569427771,1,10545
0.8363831532613045,1,10546
0.8379222589035614,1,10547
0.8386215486194477,1,10548
0.8389491596638656,1,10549
0.8395841536614645,1,10550
0.8405788859543818,1,10551
0.8410363645458184,1,10552
0.8423391456582633,1,10553
0.8426083433373351,1,10554
0.8436136054421769,1,10555
0.8436670068027211,1,10556
0.8439492196878753,1,10557
0.8442072829131653,1,10558
0.8442539439775909,1,10559
0.8444511168467387,1,10560
0.8444701480592236,1,10561
0.8445679771908764,1,10562
0.8451470588235294,1,10563
0.8452622649059623,1,10564
0.8453081632653061,1,10565
0.8457621248499398,1,10566
0.8466691076430571,1,10567
0.8481868747499,1,10568
0.8486612244897961,1,10569
0.849223443777511,1,10570
0.8499973933573429,1,10571
0.8501083037214886,1,10572
0.8502039115646259,1,10573
0.8508764961984795,1,10574
0.8510464585834333,1,10575
0.8516206482593037,1,10576
0.853441856742697,1,10577
0.8537877551020409,1,10578
0.8538422268907563,1,10579
0.8540307146858743,1,10580
0.8541166466586635,1,10581
0.8544200084033614,1,10582
0.8569346738695479,1,10583
0.8576230492196879,1,10584
0.8577040016006403,1,10585
0.8577433373349339,1,10586
0.8592608643457383,1,10587
0.8593114249699879,1,10588
0.8595326030412165,1,10589
0.8599039615846338,1,10590
0.8600787715086036,1,10591
0.8603889539815927,1,10592
0.860795218087235,1,10593
0.8608567190876351,1,10594
0.8610243697478992,1,10595
0.861688675470188,1,10596
0.8617930516206482,1,10597
0.8622311548619447,1,10598
0.8624967587034814,1,10599
0.863354275310124,1,10600
0.8634887739095638,1,10601
0.8636244897959184,1,10602
0.864312324929972,1,10603
0.8650040672268908,1,10604
0.8652522408963584,1,10605
0.865515986394558,1,10606
0.8665182072829132,1,10607
0.8687296994797918,1,10608
0.8694555022008804,1,10609
0.8721236570628251,1,10610
0.8734362841136455,1,10611
0.8741264305722288,1,10612
0.8742253901560624,1,10613
0.8746221888755503,1,10614
0.8751408863545418,1,10615
0.8751701880752301,1,10616
0.8753952781112445,1,10617
0.8758685074029612,1,10618
0.877129011604642,1,10619
0.8780386278511404,1,10620
0.878235294117647,1,10621
0.878666300120048,1,10622
0.8790496598639456,1,10623
0.8806785014005601,1,10624
0.8807352124849941,1,10625
0.881769387755102,1,10626
0.8821285230092036,1,10627
0.8831180748299319,1,10628
0.8836153261304521,1,10629
0.8839811780712286,1,10630
0.88529806282513,1,10631
0.8855117847138856,1,10632
0.8855942376950781,1,10633
0.8858107042817127,1,10634
0.8867366142456983,1,10635
0.8867807823129252,1,10636
0.887675950380152,1,10637
0.8876972332933174,1,10638
0.8878841736694677,1,10639
0.8884173285314126,1,10640
0.8884987094837936,1,10641
0.8891212885154061,1,10642
0.8894471788715487,1,10643
0.8916860860344138,1,10644
0.8922136554621849,1,10645
0.8922471532613047,1,10646
0.8923280112044818,1,10647
0.8929200180072029,1,10648
0.8936605426170467,1,10649
0.8938959583833533,1,10650
0.8941485650260105,1,10651
0.8943536414565827,1,10652
0.8952390156062425,1,10653
0.8955021608643458,1,10654
0.8966871272509003,1,10655
0.8970396958783512,1,10656
0.8999637054821928,1,10657
0.9001383753501401,1,10658
0.9003207482993196,1,10659
0.9004143957583034,1,10660
0.9022203881552622,1,10661
0.9025857142857143,1,10662
0.9030078231292518,1,10663
0.9031736294517807,1,10664
0.9032523809523809,1,10665
0.904201288115246,1,10666
0.9047723489395759,1,10667
0.9050639455782313,1,10668
0.9063415366146458,1,10669
0.906398224889956,1,10670
0.9074421368547418,1,10671
0.9087292112845138,1,10672
0.9090713085234093,1,10673
0.9100958583433373,1,10674
0.9105589635854343,1,10675
0.9109888355342137,1,10676
0.911105282112845,1,10677
0.9112053621448578,1,10678
0.9113969187675071,1,10679
0.9113992997198881,1,10680
0.9118242693077231,1,10681
0.9125542617046819,1,10682
0.9129932573029211,1,10683
0.9146213301320527,1,10684
0.9150207282913166,1,10685
0.9150583833533413,1,10686
0.9180667266906762,1,10687
0.9197831132452982,1,10688
0.9201179871948781,1,10689
0.9202627995198079,1,10690
0.9206104357743098,1,10691
0.9216390156062426,1,10692
0.9238026154461785,1,10693
0.925180512204882,1,10694
0.9252163265306124,1,10695
0.9296,1,10696
0.9297719087635055,1,10697
0.9306122448979592,1,10698
0.9314277711084434,1,10699
0.932724449779912,1,10700
0.9347167466986793,1,10701
0.9360551020408162,1,10702
0.936459943977591,1,10703
0.9366884453781513,1,10704
0.9369076834733893,1,10705
0.9375354457783113,1,10706
0.9383951704681873,1,10707
0.9384772709083632,1,10708
0.9396167366946779,1,10709
0.9400963661464585,1,10710
0.9406742697078831,1,10711
0.9408914765906362,1,10712
0.9416247098839536,1,10713
0.9435650260104042,1,10714
0.9441462184873949,1,10715
0.9441581836734694,1,10716
0.9452489395758303,1,10717
0.9455022008803521,1,10718
0.9463113445378151,1,10719
0.9471816926770709,1,10720
0.9475718487394957,1,10721
0.9483292016806723,1,10722
0.9511037414965986,1,10723
0.9530821692677071,1,10724
0.9533680268107243,1,10725
0.9541006486594638,1,10726
0.9541544133653461,1,10727
0.9545168163265306,1,10728
0.954523267707083,1,10729
0.9546519407763104,1,10730
0.9549588235294117,1,10731
0.9557975190076031,1,10732
0.9562006318527411,1,10733
0.9568591800720286,1,10734
0.9572428471388555,1,10735
0.9573536414565826,1,10736
0.9588235294117646,1,10737
0.9601258103241297,1,10738
0.9606873749499802,1,10739
0.9615903561424568,1,10740
0.9624456746698679,1,10741
0.962817086834734,1,10742
0.9631931536614645,1,10743
0.96455237454982,1,10744
0.9662611344537816,1,10745
0.9673526654661864,1,10746
0.9673979591836734,1,10747
0.9678696278511404,1,10748
0.968065830732293,1,10749
0.9687948215286114,1,10750
0.9690508803521409,1,10751
0.9698074229691875,1,10752
0.9711084033613445,1,10753
0.9712335658263305,1,10754
0.9726942777110845,1,10755
0.9729656438575431,1,10756
0.9741882352941177,1,10757
0.9744911564625851,1,10758
0.9775392761104441,1,10759
0.9776095538215287,1,10760
0.9776117743097239,1,10761
0.9783903361344539,1,10762
0.9784031612645058,1,10763
0.9784246898759503,1,10764
0.9786777046818728,1,10765
0.9808661264505802,1,10766
0.9813859279711885,1,10767
0.981760844337735,1,10768
0.9819795918367347,1,10769
0.9820878751500601,1,10770
0.9823906978791517,1,10771
0.9835263305322128,1,10772
0.9844115646258503,1,10773
0.985088843137255,1,10774
0.985823149259704,1,10775
0.9879370548219287,1,10776
0.9879656262505002,1,10777
0.9884814725890356,1,10778
0.9893875150060025,1,10779
0.9896643181272509,1,10780
0.9930371524609845,1,10781
0.9932156262505002,1,10782
0.9933003985594238,1,10783
0.9953342937174869,1,10784
0.996713025610244,1,10785
0.9979768707482993,1,10786
0.9985688851540617,1,10787
0.9987025926370549,1,10788
1.0001152236894757,1,10789
1.0006554217687076,1,10790
1.000732292917167,1,10791
1.0027395758303321,1,10792
1.004147619047619,1,10793
1.0041619047619048,1,10794
1.006758343337335,1,10795
1.0074372048819527,1,10796
1.008703481392557,1,10797
1.0088679971988794,1,10798
1.0090651860744297,1,10799
1.0090831932773108,1,10800
1.0095094837935172,1,10801
1.0096719687875149,1,10802
1.0096867947178871,1,10803
1.0104818543417369,1,10804
1.0107320328131253,1,10805
1.0110653461384553,1,10806
1.0120398559423769,1,10807
1.0120719987995197,1,10808
1.0125060828331331,1,10809
1.0127617446978792,1,10810
1.0131691280512205,1,10811
1.0133238395358144,1,10812
1.0144091280512204,1,10813
1.015188225690276,1,10814
1.0161058223289317,1,10815
1.0173211860744298,1,10816
1.018041474189676,1,10817
1.019384013605442,1,10818
1.0193896358543417,1,10819
1.0195220088035213,1,10820
1.0196941176470589,1,10821
1.01976262505002,1,10822
1.0201266722689075,1,10823
1.0202361344537814,1,10824
1.0208055422168865,1,10825
1.0208564421768709,1,10826
1.0211132468987594,1,10827
1.0231317527010801,1,10828
1.0237390356142455,1,10829
1.0241048419367749,1,10830
1.0264246098439378,1,10831
1.027266506602641,1,10832
1.0281416566626649,1,10833
1.0282713085234094,1,10834
1.0290896814725892,1,10835
1.0291460984393759,1,10836
1.0295012104841936,1,10837
1.029923469387755,1,10838
1.0309115646258504,1,10839
1.0312935190076031,1,10840
1.0316459499799921,1,10841
1.0320832733093237,1,10842
1.0327674285714286,1,10843
1.032953181272509,1,10844
1.033035324129652,1,10845
1.0348687074829932,1,10846
1.035161825130052,1,10847
1.0352904161664664,1,10848
1.0354458583433372,1,10849
1.0354885570228092,1,10850
1.0361070228091236,1,10851
1.036832587434974,1,10852
1.0378761504601839,1,10853
1.0386983793517408,1,10854
1.0391018371348537,1,10855
1.0399035214085637,1,10856
1.0402253845538214,1,10857
1.0404242296918769,1,10858
1.0412721744697881,1,10859
1.041807162865146,1,10860
1.0418857142857143,1,10861
1.0428795918367346,1,10862
1.0432941576630652,1,10863
1.0435774309723889,1,10864
1.0441680668267306,1,10865
1.0446337735094038,1,10866
1.04537349939976,1,10867
1.0456106042416966,1,10868
1.0461998299319726,1,10869
1.0463809123649461,1,10870
1.0465580948379352,1,10871
1.0486946314525811,1,10872
1.0488325330132053,1,10873
1.049227844737895,1,10874
1.0494797719087636,1,10875
1.050911925170068,1,10876
1.0511757098839538,1,10877
1.0521698879551822,1,10878
1.0526560880352143,1,10879
1.053881512605042,1,10880
1.0539632653061224,1,10881
1.057202881152461,1,10882
1.057406262505002,1,10883
1.0574391156462586,1,10884
1.0578368947579033,1,10885
1.0578517006802721,1,10886
1.0581146458583433,1,10887
1.0605417967186874,1,10888
1.0609965786314526,1,10889
1.061568787515006,1,10890
1.0619454181672672,1,10891
1.062387955182073,1,10892
1.0626884577831133,1,10893
1.0635884353741496,1,10894
1.064205723889556,1,10895
1.0655579931972787,1,10896
1.0659087819127653,1,10897
1.0673973389355742,1,10898
1.0675078431372549,1,10899
1.070956862745098,1,10900
1.0709576230492195,1,10901
1.0715469787915166,1,10902
1.0720521308523407,1,10903
1.07250225090036,1,10904
1.0762151260504202,1,10905
1.0764346938775509,1,10906
1.0772551620648259,1,10907
1.0780125850340136,1,10908
1.07824649859944,1,10909
1.081750693877551,1,10910
1.0818838735494198,1,10911
1.0827364109643856,1,10912
1.0832284913965586,1,10913
1.083622468987595,1,10914
1.0840084109643857,1,10915
1.0857414965986394,1,10916
1.0860496198479392,1,10917
1.0861966290516205,1,10918
1.0867798975590235,1,10919
1.0873479591836734,1,10920
1.0874221332533012,1,10921
1.0880204081632652,1,10922
1.0905071964785915,1,10923
1.0907314925970388,1,10924
1.0908391356542617,1,10925
1.0926636754701882,1,10926
1.092985024009604,1,10927
1.0936461984793917,1,10928
1.0970607042817127,1,10929
1.097245049619848,1,10930
1.0980842737094838,1,10931
1.1008190976390557,1,10932
1.1029462885154062,1,10933
1.104779574229692,1,10934
1.105558787114846,1,10935
1.1087101240496198,1,10936
1.1104441776710683,1,10937
1.1108790716286516,1,10938
1.1120483093237292,1,10939
1.1128086978791516,1,10940
1.1129421368547419,1,10941
1.1144084177671068,1,10942
1.1170796518607442,1,10943
1.1191070328131252,1,10944
1.1196606842737094,1,10945
1.1205010204081631,1,10946
1.1212236894757903,1,10947
1.1227111528611444,1,10948
1.1227843137254903,1,10949
1.1239985894357742,1,10950
1.1242483037214885,1,10951
1.124894950380152,1,10952
1.125,1,10953
1.1254042160864344,1,10954
1.1298128851540616,1,10955
1.130398713085234,1,10956
1.132962287314926,1,10957
1.1349939975990395,1,10958
1.1351626650660265,1,10959
1.135722292517007,1,10960
1.1368656562625048,1,10961
1.1370724485794317,1,10962
1.1408950480192077,1,10963
1.1417519007603043,1,10964
1.1459390968387353,1,10965
1.1475664265706285,1,10966
1.1497336734693877,1,10967
1.1505684477791116,1,10968
1.1506875350140058,1,10969
1.1521598239295716,1,10970
1.1542416566626652,1,10971
1.1542965262104843,1,10972
1.1548982392957183,1,10973
1.1549381352541017,1,10974
1.1550193581432573,1,10975
1.1570147214885955,1,10976
1.1622652360944377,1,10977
1.1624827531012405,1,10978
1.1628603865546219,1,10979
1.1635863941576632,1,10980
1.164817086834734,1,10981
1.1652390156062424,1,10982
1.1666410464185675,1,10983
1.16693368787515,1,10984
1.1674145458183274,1,10985
1.167887074429772,1,10986
1.1698638655462186,1,10987
1.1726079867947181,1,10988
1.1740295714285713,1,10989
1.1748599775910362,1,10990
1.1777663065226092,1,10991
1.1800257903161264,1,10992
1.1806507603041216,1,10993
1.180682306522609,1,10994
1.1810909307723092,1,10995
1.1837384353741496,1,10996
1.1855741896758702,1,10997
1.18584093637455,1,10998
1.1887964385754302,1,10999
1.189462613445378,1,11000
1.1914165666266507,1,11001
1.1914631952781112,1,11002
1.1924648163265306,1,11003
1.1941442977190875,1,11004
1.1952324129651861,1,11005
1.197356118047219,1,11006
1.1976619831932773,1,11007
1.1991422693077234,1,11008
1.199502657462985,1,11009
1.2002276974789916,1,11010
1.20042881152461,1,11011
1.2005742396958783,1,11012
1.2013149659863944,1,11013
1.201730892356943,1,11014
1.2076630648259306,1,11015
1.2147394357743095,1,11016
1.2147410964385754,1,11017
1.2149411360544218,1,11018
1.2154209083633454,1,11019
1.2166695178071227,1,11020
1.216709088035214,1,11021
1.2169886754701882,1,11022
1.2255377867146862,1,11023
1.2286691300520207,1,11024
1.2303378151260504,1,11025
1.2313639455782313,1,11026
1.2366374845938377,1,11027
1.2371763505402162,1,11028
1.2380018607442977,1,11029
1.2397232617046818,1,11030
1.241394137655062,1,11031
1.2421312925170067,1,11032
1.24456918767507,1,11033
1.2455835210084034,1,11034
1.2463134957983193,1,11035
1.247879193277311,1,11036
1.2495410108043217,1,11037
1.2531054917967186,1,11038
1.2564727891156462,1,11039
1.2570003801520608,1,11040
1.2597186874749902,1,11041
1.2616747899159662,1,11042
1.261999556222489,1,11043
1.2621810024009603,1,11044
1.2624282412965184,1,11045
1.2627066910764306,1,11046
1.2664698879551821,1,11047
1.2702549303721486,1,11048
1.2717728491396558,1,11049
1.2720644657863147,1,11050
1.2724277110844335,1,11051
1.2735136550620247,1,11052
1.274045324529812,1,11053
1.2754850016006405,1,11054
1.2787190592236894,1,11055
1.2790820728291314,1,11056
1.2793734093637454,1,11057
1.2813391756702681,1,11058
1.2871953765506203,1,11059
1.2880792717086835,1,11060
1.2884091332533014,1,11061
1.2900950936374551,1,11062
1.2908182136854742,1,11063
1.2924015606242498,1,11064
1.2927966186474589,1,11065
1.2931716302521008,1,11066
1.2962884729891957,1,11067
1.2974789291716686,1,11068
1.2980317611044416,1,11069
1.29978787515006,1,11070
1.3015400876350542,1,11071
1.30248437615046,1,11072
1.3077917366946776,1,11073
1.3100387354941978,1,11074
1.3123502200880353,1,11075
1.3170772709083631,1,11076
1.3189266662665065,1,11077
1.3214085790316126,1,11078
1.3217224585834333,1,11079
1.324060164065626,1,11080
1.3275086478591436,1,11081
1.3284313325330133,1,11082
1.328966506602641,1,11083
1.3296736978791517,1,11084
1.329891956782713,1,11085
1.3299862729091638,1,11086
1.3346371248499398,1,11087
1.3371908763505402,1,11088
1.348291756702681,1,11089
1.3519121544617847,1,11090
1.3527370144057624,1,11091
1.3536929171668668,1,11092
1.3574781912765106,1,11093
1.3584436118447376,1,11094
1.360446138455382,1,11095
1.363111664665866,1,11096
1.3723482993197278,1,11097
1.37685418807523,1,11098
1.3794469787915167,1,11099
1.3898633829531815,1,11100
1.3900304521808722,1,11101
1.3906352376950781,1,11102
1.398919567827131,1,11103
1.4012961784713887,1,11104
1.405382112845138,1,11105
1.4086220888355343,1,11106
1.4121629051620648,1,11107
1.4161816726690677,1,11108
1.4237079667867147,1,11109
1.424769638255302,1,11110
1.4260513105242094,1,11111
1.4273461780712287,1,11112
1.4284504357743097,1,11113
1.4342431208483393,1,11114
1.4375216486594637,1,11115
1.4397627334933971,1,11116
1.4420205582232895,1,11117
1.444645230492197,1,11118
1.4449879451780712,1,11119
1.445656782713085,1,11120
1.4499645258103242,1,11121
1.4555574229691879,1,11122
1.4574653361344536,1,11123
1.4585390872348942,1,11124
1.4604563025210084,1,11125
1.4691638655462185,1,11126
1.4791801020408162,1,11127
1.4807526310524208,1,11128
1.4912883653461384,1,11129
1.4914939059623848,1,11130
1.49162424969988,1,11131
1.4952221088435373,1,11132
1.5112277611044418,1,11133
1.5143761904761903,1,11134
1.5232252501000398,1,11135
1.5280925474189677,1,11136
1.5291530612244897,1,11137
1.5328601344537813,1,11138
1.550310504201681,1,11139
1.5536307022809124,1,11140
1.5588254165666267,1,11141
1.5603040816326532,1,11142
1.5657106842737094,1,11143
1.577565243697479,1,11144
1.5789905798319328,1,11145
1.5794517406962785,1,11146
1.5863570292116846,1,11147
1.5874973589435775,1,11148
1.5974656146458583,1,11149
1.620109570228091,1,11150
1.6288098595438176,1,11151
1.6530874393757502,1,11152
1.6579607643057221,1,11153
1.6746719387755102,1,11154
1.6759112268907561,1,11155
1.6988836734693875,1,11156
1.7093565402160864,1,11157
1.712874549819928,1,11158
1.71910018847539,1,11159
1.7191828731492598,1,11160
1.7201633853541416,1,11161
1.722715674669868,1,11162
1.7229211284513806,1,11163
1.863578569027611,1,11164
1.9023081232492995,1,11165
2.0099884353741495,1,11166
